6.988050000000000095e-01 1.023144707626612027e+00
7.054350000000000342e-01 1.026580639819223428e+00
7.122249999999999970e-01 9.978758210686952124e-01
7.191800000000000415e-01 1.007737760770953228e+00
7.263169999999999904e-01 1.020139310589048831e+00
7.336439999999999628e-01 1.039178464912406286e+00
7.411480000000000290e-01 1.010663358369883635e+00
7.488550000000000484e-01 9.998996824345181000e-01
7.567639999999999922e-01 1.016730202870455013e+00
7.648749999999999716e-01 9.862864285414133514e-01
7.732109999999999816e-01 1.005360598679537087e+00
7.817619999999999569e-01 1.027932430993590218e+00
7.905440000000000245e-01 1.037648292841426345e+00
7.995679999999999454e-01 1.039394580713129512e+00
8.088269999999999627e-01 1.041321811636376271e+00
8.183420000000000138e-01 1.040685763289616261e+00
8.281209999999999960e-01 1.037158698101419141e+00
8.381629999999999914e-01 1.039429614785390088e+00
8.484770000000000367e-01 1.039181287102731943e+00
8.590719999999999468e-01 1.040591923522273143e+00
8.699550000000000338e-01 1.034825675431194858e+00
8.811350000000000016e-01 1.038914981108418178e+00
8.926159999999999650e-01 1.031022343890207749e+00
9.044060000000000432e-01 1.035804524389525305e+00
9.165079999999999893e-01 1.035113049909357041e+00
9.289260000000000295e-01 1.041837220792988017e+00
9.416799999999999615e-01 1.041120557677247538e+00
9.547579999999999956e-01 1.037383778123339040e+00
9.681659999999999711e-01 1.036585277946253658e+00
9.819160000000000110e-01 1.033004536550756081e+00
9.959980000000000500e-01 1.037460979700743025e+00
1.010421999999999931e+00 1.036640086383291193e+00
1.025187000000000070e+00 1.036800010912256598e+00
1.040286000000000044e+00 1.033848929321053101e+00
1.055719999999999992e+00 1.033312206215924789e+00
1.071490000000000054e+00 1.031434555123748709e+00
1.087587999999999999e+00 1.027657366707162012e+00
1.104006999999999961e+00 1.029482576213219813e+00
1.120740000000000069e+00 1.028152876075073330e+00
1.137777999999999956e+00 1.028061384034154369e+00
1.155116000000000032e+00 1.026231486892867251e+00
1.172739999999999894e+00 1.029448620149961968e+00
1.190638000000000085e+00 1.027280436515073836e+00
1.208795999999999982e+00 1.025129873120956159e+00
1.227203999999999962e+00 1.023783964500209809e+00
1.245846000000000009e+00 1.025966075085565254e+00
1.264704999999999968e+00 1.022888506103700967e+00
1.283770000000000078e+00 1.022795164515622357e+00
1.303020000000000067e+00 1.021833421442919887e+00
1.322446000000000010e+00 1.022440808906777132e+00
1.342024000000000106e+00 1.028425521116371977e+00
1.361742999999999926e+00 1.030006739869507415e+00
1.381585000000000063e+00 1.028796952966839928e+00
1.401534999999999975e+00 1.030171923433082171e+00
1.421578999999999926e+00 1.028789118063462515e+00
1.441699999999999982e+00 1.027467735248354552e+00
1.461883999999999961e+00 1.025850519465178357e+00
1.482118000000000047e+00 1.026150477375606940e+00
1.502388999999999974e+00 1.026391812934505765e+00
1.522683000000000009e+00 1.026088168377704557e+00
1.542990000000000084e+00 1.024040992772657477e+00
1.563298000000000076e+00 1.022682508277050983e+00
1.583596000000000004e+00 1.021803334982400946e+00
1.603874999999999940e+00 1.020595598987337649e+00
1.624125999999999959e+00 1.019877522566247308e+00
1.644339999999999913e+00 1.019830225689506875e+00
1.664509999999999934e+00 1.019840561537951995e+00
1.684628000000000014e+00 1.020201656483839203e+00
1.704688999999999899e+00 1.021125312863855550e+00
1.724685000000000024e+00 1.021780146185992999e+00
1.744612999999999969e+00 1.024997107887835712e+00
1.764467000000000008e+00 1.023548116457627222e+00
1.784242000000000106e+00 1.026784382600596901e+00
1.803935999999999984e+00 1.025827812432974051e+00
1.823541999999999996e+00 1.025150732045130297e+00
1.843061999999999978e+00 1.024856684082107172e+00
1.862489000000000061e+00 1.023973513279263559e+00
1.881822000000000106e+00 1.023541392810282558e+00
1.901059999999999972e+00 1.023551730789138636e+00
1.920201000000000047e+00 1.024133204561631150e+00
1.939241999999999910e+00 1.026786934353095981e+00
1.958183000000000007e+00 1.025171912658536799e+00
1.977022999999999975e+00 1.026091872629156354e+00
1.995762000000000036e+00 1.025943160830870227e+00
2.014396000000000075e+00 1.023836913799803572e+00
2.032928000000000068e+00 1.023817360010060407e+00
2.051358000000000015e+00 1.022340004856312490e+00
2.069682999999999939e+00 1.022411469731600020e+00
2.087905999999999818e+00 1.021278506039868361e+00
2.106025999999999954e+00 1.020833461242282247e+00
2.124042000000000208e+00 1.021222289579670317e+00
2.141954999999999831e+00 1.021265408449191225e+00
2.159766999999999992e+00 1.021948062198227980e+00
2.177477999999999803e+00 1.021940671611159424e+00
2.195085999999999871e+00 1.022465466466844441e+00
2.212593000000000032e+00 1.022132801249439060e+00
2.230001000000000122e+00 1.023839244261381953e+00
2.247310000000000141e+00 1.024583646034191053e+00
2.264520999999999784e+00 1.024584395780943069e+00
2.281633999999999940e+00 1.024708222266769386e+00
2.298649999999999860e+00 1.024075540626181668e+00
2.315570000000000128e+00 1.025191428399610194e+00
2.332393999999999856e+00 1.024201030113882860e+00
2.349124000000000212e+00 1.024198678144721653e+00
2.365762000000000143e+00 1.025565284673354061e+00
2.382305999999999813e+00 1.023413325102966231e+00
2.398759999999999781e+00 1.023489451634103320e+00
2.415122000000000213e+00 1.021376032028201042e+00
2.431395000000000195e+00 1.022114606929380276e+00
2.447579999999999867e+00 1.021329259610081586e+00
2.463677000000000117e+00 1.021705213517330346e+00
2.479687000000000197e+00 1.018736669601998823e+00
2.495610999999999802e+00 1.019270343542396207e+00
2.511448999999999820e+00 1.016563709129118864e+00
2.527204999999999924e+00 1.014854115616018904e+00
2.542876999999999832e+00 1.014103095065265858e+00
2.558467999999999964e+00 1.017691867112886062e+00
2.573977999999999877e+00 1.016509768004212555e+00
2.589407000000000014e+00 1.017165482855503678e+00
2.604757000000000211e+00 1.017826824826482790e+00
2.620028000000000024e+00 1.019601705889036092e+00
2.635222999999999871e+00 1.019616511938023384e+00
2.650341000000000058e+00 1.015545434319075957e+00
2.665382999999999836e+00 1.020180633580467511e+00
2.680349999999999788e+00 1.017475911284648538e+00
2.695244000000000195e+00 1.016071377604136572e+00
2.710064000000000028e+00 1.015508487278875771e+00
2.724810999999999872e+00 1.013188755424933696e+00
2.739488999999999841e+00 1.015850439751705636e+00
2.754094999999999960e+00 1.014269633030893791e+00
2.768629999999999924e+00 1.014511612608253177e+00
2.783097999999999850e+00 1.017613255602725975e+00
2.797496999999999900e+00 1.013855057118624670e+00
2.811828999999999912e+00 1.013649417739466818e+00
2.826095000000000024e+00 1.014541795373854471e+00
2.840292999999999957e+00 1.015456428091848773e+00
2.854427999999999965e+00 1.014352894282050999e+00
2.868497000000000074e+00 1.013841803280068676e+00
2.882503999999999955e+00 1.013632875879050932e+00
2.896446000000000076e+00 1.014101298945908836e+00
2.910327000000000108e+00 1.014145410064891006e+00
2.924147000000000052e+00 1.011804843080770011e+00
2.937905000000000211e+00 1.014146503030877389e+00
2.951604000000000116e+00 1.015120263868653394e+00
2.965241999999999933e+00 1.012967936939167757e+00
2.978822000000000081e+00 1.012934237314487618e+00
2.992344000000000115e+00 1.012642758746866711e+00
3.005808000000000035e+00 1.011701267095724166e+00
3.019216000000000122e+00 1.013864953468346597e+00
3.032566000000000095e+00 1.011716986078858405e+00
3.045860999999999930e+00 1.015542752404588134e+00
3.059101000000000070e+00 1.010575199479486042e+00
3.072286000000000072e+00 1.011777343436870202e+00
3.085418000000000216e+00 1.014024252700089779e+00
3.098495000000000221e+00 1.013435234196865320e+00
3.111520000000000064e+00 1.016993720662991096e+00
3.124493000000000187e+00 1.013211761170379477e+00
3.137413000000000007e+00 1.016099273160600669e+00
3.150282999999999944e+00 1.015006265856182477e+00
3.163101999999999858e+00 1.011918473296437249e+00
3.175870000000000193e+00 1.014452629955607144e+00
3.188590000000000035e+00 1.016572324446940012e+00
3.201259999999999994e+00 1.013371900646329982e+00
3.213881000000000210e+00 1.013331893705740949e+00
3.226453999999999933e+00 1.014489423962428916e+00
3.238980000000000192e+00 1.012850514462669826e+00
3.251457999999999959e+00 1.014936253939572097e+00
3.263888999999999818e+00 1.015535491787035172e+00
3.276273999999999909e+00 1.016714421895295484e+00
3.288613999999999926e+00 1.014770462943196838e+00
3.300907000000000036e+00 1.013666497765481900e+00
3.313156000000000212e+00 1.013181775435490817e+00
3.325359999999999872e+00 1.015274465084619271e+00
3.337521000000000182e+00 1.015631600083160002e+00
3.349638000000000115e+00 1.014688380538568246e+00
3.361711000000000116e+00 1.015725470729872626e+00
3.373740999999999879e+00 1.015597066460503628e+00
3.385728999999999989e+00 1.013145460357665062e+00
3.397676000000000140e+00 1.014518459064508438e+00
3.409581000000000195e+00 1.013590641438888884e+00
3.421443000000000012e+00 1.014926816133522980e+00
3.433265000000000011e+00 1.017427600661171994e+00
3.445047000000000192e+00 1.015402893232523418e+00
3.456789000000000112e+00 1.014022723971399920e+00
3.468490000000000073e+00 1.015741548193204835e+00
3.480153000000000052e+00 1.016109816902216023e+00
3.491776999999999909e+00 1.016501926225564567e+00
3.503360999999999947e+00 1.015351544313826349e+00
3.514907000000000004e+00 1.015831052196341622e+00
3.526415000000000077e+00 1.016182105616468379e+00
3.537885000000000169e+00 1.013931732601853319e+00
3.549317999999999973e+00 1.015042555554624526e+00
3.560715000000000074e+00 1.014977087906773656e+00
3.572074000000000193e+00 1.013958900039701572e+00
3.583397000000000165e+00 1.014125477947373399e+00
3.594683999999999990e+00 1.015797842430321341e+00
3.605935000000000112e+00 1.013726155971550025e+00
3.617150000000000087e+00 1.016089481434753417e+00
3.628331000000000195e+00 1.015703552073826454e+00
3.639476999999999851e+00 1.016129787463143863e+00
3.650586999999999804e+00 1.015621075786609540e+00
3.661664000000000030e+00 1.015017531356304792e+00
3.672706999999999944e+00 1.013395337558087750e+00
3.683715999999999990e+00 1.015197299742234938e+00
3.694691000000000169e+00 1.013764244167822959e+00
3.705633000000000177e+00 1.014491607186289057e+00
3.716542000000000012e+00 1.015198606690151717e+00
3.727418999999999816e+00 1.013407160802434204e+00
3.738262999999999892e+00 1.014960648273598443e+00
3.749074999999999935e+00 1.014146779879280702e+00
3.759856000000000087e+00 1.013601633472307917e+00
3.770604000000000067e+00 1.014081991870073640e+00
3.781321000000000154e+00 1.012472449720397627e+00
3.792008000000000045e+00 1.012864933908934839e+00
3.802662999999999904e+00 1.013752669838204890e+00
3.813288000000000011e+00 1.014621674572569354e+00
3.823881999999999781e+00 1.014490708795535934e+00
3.834445999999999799e+00 1.014469552035690558e+00
3.844980000000000064e+00 1.012500041373627369e+00
3.855484999999999829e+00 1.013811665170579968e+00
3.865959999999999841e+00 1.014243277199699644e+00
3.876405999999999796e+00 1.014022480799287251e+00
3.886821999999999999e+00 1.013968149420404696e+00
3.897209999999999841e+00 1.013577114612937313e+00
3.907569000000000070e+00 1.014480116301657464e+00
3.917899999999999938e+00 1.012933218797664736e+00
3.928202999999999889e+00 1.014139512741137450e+00
3.938477999999999923e+00 1.013370976567653292e+00
3.948726000000000180e+00 1.014214076857604008e+00
3.958944999999999936e+00 1.013662222856293038e+00
3.969136000000000220e+00 1.013746791670066427e+00
3.979300999999999977e+00 1.014001231818899562e+00
3.989438999999999957e+00 1.013735932458554867e+00
3.999550000000000161e+00 1.013891595031803483e+00
4.009635000000000282e+00 1.012690432767787030e+00
4.019694000000000322e+00 1.014986576928834872e+00
4.029725000000000001e+00 1.014574293070934496e+00
4.039730999999999739e+00 1.013989467259446275e+00
4.049711000000000283e+00 1.013116764493802169e+00
4.059664999999999857e+00 1.015814382104855307e+00
4.069594999999999629e+00 1.014035938099534739e+00
4.079498000000000069e+00 1.013212964704480301e+00
4.089375999999999678e+00 1.012880441914874030e+00
4.099230000000000373e+00 1.015690256610862097e+00
4.109059000000000239e+00 1.013999058489042815e+00
4.118863000000000163e+00 1.014528336855667900e+00
4.128642000000000145e+00 1.016265395513707759e+00
4.138397999999999577e+00 1.014037388371394233e+00
4.148128999999999955e+00 1.014864619743460539e+00
4.157835999999999643e+00 1.016980945659412772e+00
4.167519999999999669e+00 1.014672759431971549e+00
4.177178999999999753e+00 1.015361538747100667e+00
4.186816000000000315e+00 1.016080397075685315e+00
4.196429000000000187e+00 1.016096282175707577e+00
4.206018000000000256e+00 1.014893398683354153e+00
4.215584999999999916e+00 1.015921912649583980e+00
4.225128999999999913e+00 1.018070564637573616e+00
4.234651000000000387e+00 1.015691212378153629e+00
4.244149000000000171e+00 1.017868085470552186e+00
4.253624000000000294e+00 1.015536598255956324e+00
4.263079000000000285e+00 1.014303815988495172e+00
4.272509999999999586e+00 1.015593572408511891e+00
4.281919000000000253e+00 1.016641787663627339e+00
4.291306999999999761e+00 1.016931196035557594e+00
4.300672999999999746e+00 1.013685773061707041e+00
4.310017000000000209e+00 1.015392106347131174e+00
4.319340000000000401e+00 1.013819949035819734e+00
4.328642000000000323e+00 1.015566947546283405e+00
4.337921999999999834e+00 1.012894258494394961e+00
4.347180999999999962e+00 1.017042648225862989e+00
4.356419999999999959e+00 1.014968484877254884e+00
4.365637000000000434e+00 1.016010544906942759e+00
4.374832999999999750e+00 1.013602431403511916e+00
4.384008999999999823e+00 1.013665524928887951e+00
4.393164999999999765e+00 1.014221719769315744e+00
4.402300000000000324e+00 1.013722979354750642e+00
4.411414999999999864e+00 1.014763406248470723e+00
4.420510000000000161e+00 1.013715470837660115e+00
4.429585000000000328e+00 1.014249796645494861e+00
4.438640999999999615e+00 1.012072414518002006e+00
4.447676000000000407e+00 1.013285278930921907e+00
4.456692000000000320e+00 1.012844860672748037e+00
4.465689000000000242e+00 1.013208246659494272e+00
4.474664999999999893e+00 1.014017020398935598e+00
4.483622999999999692e+00 1.013973720684035351e+00
4.492562000000000388e+00 1.012316849348773307e+00
4.501481000000000066e+00 1.012932356796875766e+00
4.510381999999999891e+00 1.012675031004149906e+00
4.519262999999999586e+00 1.012707275817317454e+00
4.528126000000000317e+00 1.011486895467513580e+00
4.536971000000000309e+00 1.010291023473894212e+00
4.545796000000000170e+00 1.013427122256262747e+00
4.554604000000000319e+00 1.012592595512117777e+00
4.563392999999999589e+00 1.010595312893451947e+00
4.572162999999999755e+00 1.010228343641969673e+00
4.580917000000000350e+00 1.011776596935857420e+00
4.589650999999999925e+00 1.014263293975136593e+00
4.598367999999999789e+00 1.010639766313925270e+00
4.607066999999999801e+00 1.012526716489086320e+00
4.615747999999999962e+00 1.010118257212685666e+00
4.624412000000000411e+00 1.012888895750733154e+00
4.633058000000000121e+00 1.013152303397102827e+00
4.641687000000000118e+00 1.011972611828592994e+00
4.650298000000000265e+00 1.013763502945266071e+00
4.658892999999999951e+00 1.012300518046296505e+00
4.667468999999999646e+00 1.014020086451197011e+00
4.676028999999999769e+00 1.013345024565740271e+00
4.684573000000000320e+00 1.013611886290744613e+00
4.693099000000000132e+00 1.013778425869270361e+00
4.701609000000000371e+00 1.013888663962645431e+00
4.710100999999999871e+00 1.013370620576362402e+00
4.718577999999999939e+00 1.012834377059237845e+00
4.727036000000000016e+00 1.014738218497996280e+00
4.735479999999999912e+00 1.015120050339245905e+00
4.743905999999999956e+00 1.014821098000812549e+00
4.752316999999999680e+00 1.012243877521369573e+00
4.760710999999999693e+00 1.014302019650361597e+00
4.769089000000000134e+00 1.012373848588578484e+00
4.777451000000000114e+00 1.008831885271770590e+00
4.785797999999999774e+00 1.013163681776797054e+00
4.794127999999999723e+00 1.014967693426934048e+00
4.802443000000000239e+00 1.014371636982565494e+00
4.810742000000000296e+00 1.012631831727875076e+00
4.819026000000000032e+00 1.011638255617634874e+00
4.827293000000000056e+00 1.014880314381918947e+00
4.835545999999999900e+00 1.014298270521857726e+00
4.843783000000000172e+00 1.011261919301180479e+00
4.852005000000000123e+00 1.013164874545051664e+00
4.860210999999999615e+00 1.016140962112260349e+00
4.868402999999999814e+00 1.015134134382652542e+00
4.876579000000000441e+00 1.013322912515154828e+00
4.884741000000000000e+00 1.012525769877371085e+00
4.892886999999999986e+00 1.013933000692704312e+00
4.901018999999999792e+00 1.014793591454471677e+00
4.909135000000000026e+00 1.010793273349299692e+00
4.917238000000000220e+00 1.012361057992616775e+00
4.925323999999999813e+00 1.010041702125827001e+00
4.933398000000000394e+00 1.009187991516933502e+00
4.941455999999999626e+00 1.013624496467592007e+00
4.949500999999999706e+00 1.013330801949725579e+00
4.957529000000000075e+00 1.010980798940410486e+00
4.965544999999999654e+00 1.009985130055662816e+00
4.973545999999999800e+00 1.014113169703051875e+00
4.981532999999999767e+00 1.012865918396876674e+00
4.989506000000000441e+00 1.010101272174924958e+00
4.997465000000000046e+00 1.011832736663154320e+00
5.005409000000000219e+00 1.012045100839235934e+00
5.013340000000000352e+00 1.011834742982605562e+00
5.021258000000000443e+00 1.010117948195331294e+00
5.029161000000000215e+00 1.009301984695384569e+00
5.037050999999999945e+00 1.011098861877567145e+00
5.044926000000000244e+00 1.005652630209867171e+00
5.052788999999999753e+00 1.012543365386308958e+00
5.060637999999999970e+00 1.012667085313276427e+00
5.068473000000000006e+00 1.010555194280963409e+00
5.076296000000000141e+00 1.011000898963741346e+00
5.084103999999999957e+00 1.008074807992152211e+00
5.091899999999999871e+00 1.011447704373124701e+00
5.099681999999999604e+00 1.012642641177773806e+00
5.107451000000000185e+00 1.012786452503777301e+00
5.115206999999999837e+00 1.011520496364237243e+00
5.122949000000000197e+00 1.011610228028952063e+00
5.130679999999999907e+00 1.011888278550325149e+00
5.138397000000000325e+00 1.010923811838033926e+00
5.146100999999999814e+00 1.005794584177604589e+00
5.153793000000000291e+00 1.011781389514844864e+00
5.161470999999999698e+00 1.010861247138551189e+00
5.169137000000000093e+00 1.006681938588709802e+00
5.176789999999999559e+00 1.010773420343104911e+00
5.184431000000000012e+00 1.006669042498014699e+00
5.192059999999999675e+00 1.012000226700939587e+00
5.199675000000000047e+00 1.005655000660933718e+00
5.207278999999999769e+00 1.011711321115485118e+00
5.214869000000000199e+00 1.009644565446810249e+00
5.222447999999999979e+00 1.011793471683568812e+00
5.230014999999999858e+00 1.007184934677696431e+00
5.237567999999999557e+00 1.010119725711751348e+00
5.245110999999999635e+00 1.001760505294250647e+00
5.252640999999999671e+00 1.008225406217884812e+00
5.260157999999999667e+00 1.011119366992060398e+00
5.267663999999999902e+00 1.006966948232614012e+00
5.275158000000000236e+00 1.012565358101249702e+00
5.282639999999999780e+00 1.003096755796669903e+00
5.290110999999999564e+00 1.008899933239436608e+00
5.297569000000000194e+00 1.014209419691412872e+00
