6.988050000000000095e-01 7.816897602409687007e-01
7.054350000000000342e-01 7.958001394054547983e-01
7.122249999999999970e-01 7.213656242089672155e-01
7.191800000000000415e-01 7.546136150757325467e-01
7.263169999999999904e-01 7.798892918637688743e-01
7.336439999999999628e-01 8.463690917967831018e-01
7.411480000000000290e-01 6.848798006964084140e-01
7.488550000000000484e-01 6.430318409307883565e-01
7.567639999999999922e-01 7.113701918398718238e-01
7.648749999999999716e-01 6.062503866851396417e-01
7.732109999999999816e-01 6.874161275829645534e-01
7.817619999999999569e-01 8.006958186548658318e-01
7.905440000000000245e-01 8.473808275457221928e-01
7.995679999999999454e-01 8.449360988520602245e-01
8.088269999999999627e-01 8.696540590528624159e-01
8.183420000000000138e-01 9.018163112968111683e-01
8.281209999999999960e-01 8.906311898656200654e-01
8.381629999999999914e-01 9.168578975149510590e-01
8.484770000000000367e-01 9.086889513070409707e-01
8.590719999999999468e-01 8.773901937436286991e-01
8.699550000000000338e-01 8.258419404312689061e-01
8.811350000000000016e-01 8.810133294860038600e-01
8.926159999999999650e-01 8.645691303275330197e-01
9.044060000000000432e-01 9.260751075360403872e-01
9.165079999999999893e-01 9.505383430618857821e-01
9.289260000000000295e-01 9.645205677592517679e-01
9.416799999999999615e-01 9.790707116806388610e-01
9.547579999999999956e-01 9.817944760529468962e-01
9.681659999999999711e-01 9.900714884222763246e-01
9.819160000000000110e-01 9.647576899721356236e-01
9.959980000000000500e-01 9.410182635226758130e-01
1.010421999999999931e+00 9.494041218322126774e-01
1.025187000000000070e+00 9.600212249528298214e-01
1.040286000000000044e+00 9.611927158571986762e-01
1.055719999999999992e+00 9.689751870484382135e-01
1.071490000000000054e+00 9.736703097142188623e-01
1.087587999999999999e+00 9.655070744071347910e-01
1.104006999999999961e+00 9.702993262968325761e-01
1.120740000000000069e+00 9.665400586455141774e-01
1.137777999999999956e+00 9.587557553521549591e-01
1.155116000000000032e+00 9.695190681724978887e-01
1.172739999999999894e+00 9.526848565254394385e-01
1.190638000000000085e+00 9.713061937666922496e-01
1.208795999999999982e+00 9.676789400077904224e-01
1.227203999999999962e+00 9.747971863700327644e-01
1.245846000000000009e+00 9.681313486666869306e-01
1.264704999999999968e+00 9.767194078800935930e-01
1.283770000000000078e+00 9.799393746565535634e-01
1.303020000000000067e+00 9.776855648081680394e-01
1.322446000000000010e+00 9.704196047341140385e-01
1.342024000000000106e+00 9.205527074770176732e-01
1.361742999999999926e+00 9.192205270247107984e-01
1.381585000000000063e+00 9.253994798770661667e-01
1.401534999999999975e+00 9.235017189114014258e-01
1.421578999999999926e+00 9.108172436462481647e-01
1.441699999999999982e+00 9.062926114107757725e-01
1.461883999999999961e+00 9.098339728855501241e-01
1.482118000000000047e+00 9.201437059869539414e-01
1.502388999999999974e+00 9.322489761763561589e-01
1.522683000000000009e+00 9.433805667923680360e-01
1.542990000000000084e+00 9.446956399174990526e-01
1.563298000000000076e+00 9.483280914005052242e-01
1.583596000000000004e+00 9.557396754799517558e-01
1.603874999999999940e+00 9.578127218826610889e-01
1.624125999999999959e+00 9.624496724641895540e-01
1.644339999999999913e+00 9.677674084989078551e-01
1.664509999999999934e+00 9.694009966557592950e-01
1.684628000000000014e+00 9.756800561027123564e-01
1.704688999999999899e+00 9.691214812238245768e-01
1.724685000000000024e+00 9.513074803238201760e-01
1.744612999999999969e+00 9.555671105694801826e-01
1.764467000000000008e+00 9.286988546032339809e-01
1.784242000000000106e+00 9.363207987408145305e-01
1.803935999999999984e+00 9.245850926181863327e-01
1.823541999999999996e+00 9.232562372067534273e-01
1.843061999999999978e+00 9.181327780299447516e-01
1.862489000000000061e+00 9.055640390537864626e-01
1.881822000000000106e+00 9.135281412429360204e-01
1.901059999999999972e+00 9.225602682080938921e-01
1.920201000000000047e+00 9.281008720704491122e-01
1.939241999999999910e+00 9.460947715544283376e-01
1.958183000000000007e+00 9.311015566412018662e-01
1.977022999999999975e+00 9.399186564351141859e-01
1.995762000000000036e+00 9.394270214784085082e-01
2.014396000000000075e+00 9.283409189744458168e-01
2.032928000000000068e+00 9.372731677731037658e-01
2.051358000000000015e+00 9.366291804200375104e-01
2.069682999999999939e+00 9.454637942755667046e-01
2.087905999999999818e+00 9.471001529043997502e-01
2.106025999999999954e+00 9.522607147829711405e-01
2.124042000000000208e+00 9.611710477198347480e-01
2.141954999999999831e+00 9.663933799484342169e-01
2.159766999999999992e+00 9.737903218885812784e-01
2.177477999999999803e+00 9.734426621191351048e-01
2.195085999999999871e+00 9.764562686892834797e-01
2.212593000000000032e+00 9.748234841797054351e-01
2.230001000000000122e+00 9.837599111012337305e-01
2.247310000000000141e+00 9.861540304208473717e-01
2.264520999999999784e+00 9.830852568430096250e-01
2.281633999999999940e+00 9.846089773123720690e-01
2.298649999999999860e+00 9.547684800340850986e-01
2.315570000000000128e+00 9.631178990280783170e-01
2.332393999999999856e+00 9.553532561515982735e-01
2.349124000000000212e+00 9.574761364457820001e-01
2.365762000000000143e+00 9.636178176539395013e-01
2.382305999999999813e+00 9.523502918624827673e-01
2.398759999999999781e+00 9.538406700911056246e-01
2.415122000000000213e+00 9.330819592847491295e-01
2.431395000000000195e+00 9.352314179350975643e-01
2.447579999999999867e+00 9.281008267717144600e-01
2.463677000000000117e+00 9.320762491760399282e-01
2.479687000000000197e+00 9.105969960965482057e-01
2.495610999999999802e+00 9.122033991787991125e-01
2.511448999999999820e+00 8.907633141283657352e-01
2.527204999999999924e+00 8.810475681395822933e-01
2.542876999999999832e+00 8.751600855099416210e-01
2.558467999999999964e+00 8.988572273045516425e-01
2.573977999999999877e+00 8.943869821287397937e-01
2.589407000000000014e+00 8.976264122578950788e-01
2.604757000000000211e+00 9.038040257672632638e-01
2.620028000000000024e+00 9.210470530795736854e-01
2.635222999999999871e+00 9.229994160125374325e-01
2.650341000000000058e+00 8.948896452662798984e-01
2.665382999999999836e+00 9.236151025854391072e-01
2.680349999999999788e+00 8.948337413650570005e-01
2.695244000000000195e+00 8.872225187546564085e-01
2.710064000000000028e+00 8.877543051218680370e-01
2.724810999999999872e+00 8.803793171471331336e-01
2.739488999999999841e+00 8.977447139723271352e-01
2.754094999999999960e+00 8.901697410820633705e-01
2.768629999999999924e+00 8.912069330045837567e-01
2.783097999999999850e+00 9.116085180011290756e-01
2.797496999999999900e+00 8.926941282776685860e-01
2.811828999999999912e+00 8.917082225105366078e-01
2.826095000000000024e+00 8.968252443466777635e-01
2.840292999999999957e+00 9.045502508068649083e-01
2.854427999999999965e+00 8.954382913970383440e-01
2.868497000000000074e+00 8.948682547639540408e-01
2.882503999999999955e+00 8.951459800206575945e-01
2.896446000000000076e+00 8.989786001011792482e-01
2.910327000000000108e+00 9.028095284156583133e-01
2.924147000000000052e+00 8.874805796381631806e-01
2.937905000000000211e+00 9.060180380212755624e-01
2.951604000000000116e+00 9.111992305378764367e-01
2.965241999999999933e+00 9.019134199284517539e-01
2.978822000000000081e+00 8.982247089988451005e-01
2.992344000000000115e+00 8.994365381973831175e-01
3.005808000000000035e+00 8.969017522691876687e-01
3.019216000000000122e+00 9.104667658827441112e-01
3.032566000000000095e+00 8.979097600158582049e-01
3.045860999999999930e+00 9.234667965530168887e-01
3.059101000000000070e+00 8.943926215726187845e-01
3.072286000000000072e+00 9.044710745388265805e-01
3.085418000000000216e+00 9.184411128280133285e-01
3.098495000000000221e+00 9.170592911065406083e-01
3.111520000000000064e+00 9.398692102119058367e-01
3.124493000000000187e+00 9.178172796780245113e-01
3.137413000000000007e+00 9.372997672246313750e-01
3.150282999999999944e+00 9.308852225514266943e-01
3.163101999999999858e+00 9.109322702387907533e-01
3.175870000000000193e+00 9.293453520625166719e-01
3.188590000000000035e+00 9.490570391580120946e-01
3.201259999999999994e+00 9.223514515201164388e-01
3.213881000000000210e+00 9.258432865893614361e-01
3.226453999999999933e+00 9.352059206149931914e-01
3.238980000000000192e+00 9.229480870567056128e-01
3.251457999999999959e+00 9.404706948095054031e-01
3.263888999999999818e+00 9.461636776840010032e-01
3.276273999999999909e+00 9.522109175173987250e-01
3.288613999999999926e+00 9.436133220496111251e-01
3.300907000000000036e+00 9.327428867330292972e-01
3.313156000000000212e+00 9.306346317273580526e-01
3.325359999999999872e+00 9.499967660049711826e-01
3.337521000000000182e+00 9.516572914138483608e-01
3.349638000000000115e+00 9.448152347237115389e-01
3.361711000000000116e+00 9.517643956337284994e-01
3.373740999999999879e+00 9.502298407709143246e-01
3.385728999999999989e+00 9.365947898534807692e-01
3.397676000000000140e+00 9.471309549686602880e-01
3.409581000000000195e+00 9.382893902107415363e-01
3.421443000000000012e+00 9.467545077407963916e-01
3.433265000000000011e+00 9.685772842749228451e-01
3.445047000000000192e+00 9.539310862834913252e-01
3.456789000000000112e+00 9.462064473363417383e-01
3.468490000000000073e+00 9.624007078283548511e-01
3.480153000000000052e+00 9.603431076714205039e-01
3.491776999999999909e+00 9.631227963436775896e-01
3.503360999999999947e+00 9.606298707386132785e-01
3.514907000000000004e+00 9.612208974028878528e-01
3.526415000000000077e+00 9.682033712053548236e-01
3.537885000000000169e+00 9.503818796101970445e-01
3.549317999999999973e+00 9.563683401030608211e-01
3.560715000000000074e+00 9.598638611222747308e-01
3.572074000000000193e+00 9.513909119324985841e-01
3.583397000000000165e+00 9.562284391120274840e-01
3.594683999999999990e+00 9.715589259683977685e-01
3.605935000000000112e+00 9.537052228138103160e-01
3.617150000000000087e+00 9.709534177065189953e-01
3.628331000000000195e+00 9.727334516333047132e-01
3.639476999999999851e+00 9.750339783671694294e-01
3.650586999999999804e+00 9.734068436451341899e-01
3.661664000000000030e+00 9.683342620866174366e-01
3.672706999999999944e+00 9.564788310304718211e-01
3.683715999999999990e+00 9.760426761006993912e-01
3.694691000000000169e+00 9.605595352922716712e-01
3.705633000000000177e+00 9.707950444438920856e-01
3.716542000000000012e+00 9.801497569190387171e-01
3.727418999999999816e+00 9.680767322298171607e-01
3.738262999999999892e+00 9.722270839491161665e-01
3.749074999999999935e+00 9.731157916933480534e-01
3.759856000000000087e+00 9.711450902395462048e-01
3.770604000000000067e+00 9.736673614771244045e-01
3.781321000000000154e+00 9.672169847752113414e-01
3.792008000000000045e+00 9.668028215123086744e-01
3.802662999999999904e+00 9.768934077894206869e-01
3.813288000000000011e+00 9.803123736123267040e-01
3.823881999999999781e+00 9.799002041265911789e-01
3.834445999999999799e+00 9.814214173420826581e-01
3.844980000000000064e+00 9.654080465170585823e-01
3.855484999999999829e+00 9.815376544962993721e-01
3.865959999999999841e+00 9.839482666475893868e-01
3.876405999999999796e+00 9.788000913758587718e-01
3.886821999999999999e+00 9.786532988525000754e-01
3.897209999999999841e+00 9.781727871152547937e-01
3.907569000000000070e+00 9.849968141869108740e-01
3.917899999999999938e+00 9.751493160886919309e-01
3.928202999999999889e+00 9.807751442631508221e-01
3.938477999999999923e+00 9.797728869925079742e-01
3.948726000000000180e+00 9.818643865432504780e-01
3.958944999999999936e+00 9.792208007948707271e-01
3.969136000000000220e+00 9.758457862227415403e-01
3.979300999999999977e+00 9.764225147836512742e-01
3.989438999999999957e+00 9.798518652068819446e-01
3.999550000000000161e+00 9.727812960681400112e-01
4.009635000000000282e+00 9.697761477453509249e-01
4.019694000000000322e+00 9.817883243480510780e-01
4.029725000000000001e+00 9.727871103005186759e-01
4.039730999999999739e+00 9.766777117749831927e-01
4.049711000000000283e+00 9.687659386522607941e-01
4.059664999999999857e+00 9.800204250199183731e-01
4.069594999999999629e+00 9.732877902609965437e-01
4.079498000000000069e+00 9.545804222989675569e-01
4.089375999999999678e+00 9.551726048093076571e-01
4.099230000000000373e+00 9.703338546531820041e-01
4.109059000000000239e+00 9.632411113417180815e-01
4.118863000000000163e+00 9.636083050114987447e-01
4.128642000000000145e+00 9.704947344550667321e-01
4.138397999999999577e+00 9.595646043121149882e-01
4.148128999999999955e+00 9.645101299072292855e-01
4.157835999999999643e+00 9.747807126496143004e-01
4.167519999999999669e+00 9.550882707184860099e-01
4.177178999999999753e+00 9.663214367541702599e-01
4.186816000000000315e+00 9.609614132808131926e-01
4.196429000000000187e+00 9.677035165540618378e-01
4.206018000000000256e+00 9.549493439163855291e-01
4.215584999999999916e+00 9.536885979532622182e-01
4.225128999999999913e+00 9.714132036288152250e-01
4.234651000000000387e+00 9.586714736242091250e-01
4.244149000000000171e+00 9.631482708787625358e-01
4.253624000000000294e+00 9.467841458899498575e-01
4.263079000000000285e+00 9.464697713160689085e-01
4.272509999999999586e+00 9.540726809870945235e-01
4.281919000000000253e+00 9.595198741736173931e-01
4.291306999999999761e+00 9.633685961013145338e-01
4.300672999999999746e+00 9.437096407647161955e-01
4.310017000000000209e+00 9.487100176958126463e-01
4.319340000000000401e+00 9.379481472911086470e-01
4.328642000000000323e+00 9.503766430941879007e-01
4.337921999999999834e+00 9.271540252290844109e-01
4.347180999999999962e+00 9.533328938662182228e-01
4.356419999999999959e+00 9.444679133903892687e-01
4.365637000000000434e+00 9.465854717229957860e-01
4.374832999999999750e+00 9.306617111179904533e-01
4.384008999999999823e+00 9.326495436149814244e-01
4.393164999999999765e+00 9.299853194680767210e-01
4.402300000000000324e+00 9.287415726830727802e-01
4.411414999999999864e+00 9.377234296195305907e-01
4.420510000000000161e+00 9.294005899699437911e-01
4.429585000000000328e+00 9.330916093689994861e-01
4.438640999999999615e+00 9.192900372030462508e-01
4.447676000000000407e+00 9.243757080417761562e-01
4.456692000000000320e+00 9.238742904824327473e-01
4.465689000000000242e+00 9.264334077720181027e-01
4.474664999999999893e+00 9.293902866667153040e-01
4.483622999999999692e+00 9.298673488582481772e-01
4.492562000000000388e+00 9.211898612788973484e-01
4.501481000000000066e+00 9.265157379969174434e-01
4.510381999999999891e+00 9.226159069669713775e-01
4.519262999999999586e+00 9.223970721795214933e-01
4.528126000000000317e+00 9.139147933682518765e-01
4.536971000000000309e+00 9.074915345537626354e-01
4.545796000000000170e+00 9.298441357752710301e-01
4.554604000000000319e+00 9.212433493374586613e-01
4.563392999999999589e+00 9.082647516913522345e-01
4.572162999999999755e+00 9.053874653168068054e-01
4.580917000000000350e+00 9.179457390627290270e-01
4.589650999999999925e+00 9.331620500234376614e-01
4.598367999999999789e+00 9.123701604440199731e-01
4.607066999999999801e+00 9.198476602911520583e-01
4.615747999999999962e+00 9.064269733311403066e-01
4.624412000000000411e+00 9.252827010332608237e-01
4.633058000000000121e+00 9.289629095966904782e-01
4.641687000000000118e+00 9.171567238390063714e-01
4.650298000000000265e+00 9.335279402680675132e-01
4.658892999999999951e+00 9.245251003581178573e-01
4.667468999999999646e+00 9.400499969480138329e-01
4.676028999999999769e+00 9.333398725466319767e-01
4.684573000000000320e+00 9.348741875728308059e-01
4.693099000000000132e+00 9.356111468580026180e-01
4.701609000000000371e+00 9.378355397744817523e-01
4.710100999999999871e+00 9.291345660758174585e-01
4.718577999999999939e+00 9.257235564251837800e-01
4.727036000000000016e+00 9.364680871897662628e-01
4.735479999999999912e+00 9.450603218527074967e-01
4.743905999999999956e+00 9.367734321126659491e-01
4.752316999999999680e+00 9.234026162332682475e-01
4.760710999999999693e+00 9.388241659774302361e-01
4.769089000000000134e+00 9.283194986614319300e-01
4.777451000000000114e+00 9.069239040407847119e-01
4.785797999999999774e+00 9.267747020792754808e-01
4.794127999999999723e+00 9.407887764534706987e-01
4.802443000000000239e+00 9.367805008691461044e-01
4.810742000000000296e+00 9.297418829161296916e-01
4.819026000000000032e+00 9.207639524023972788e-01
4.827293000000000056e+00 9.417923158498587854e-01
4.835545999999999900e+00 9.384595717164673223e-01
4.843783000000000172e+00 9.158305734117299091e-01
4.852005000000000123e+00 9.317332915752433165e-01
4.860210999999999615e+00 9.540193164913213231e-01
4.868402999999999814e+00 9.469035457584671356e-01
4.876579000000000441e+00 9.334128535729314669e-01
4.884741000000000000e+00 9.260253672685665460e-01
4.892886999999999986e+00 9.428822815452448936e-01
4.901018999999999792e+00 9.430438447023745674e-01
4.909135000000000026e+00 9.200043701686955178e-01
4.917238000000000220e+00 9.262328223152841433e-01
4.925323999999999813e+00 9.125994588530415008e-01
4.933398000000000394e+00 9.119499918636018165e-01
4.941455999999999626e+00 9.344433598636082694e-01
4.949500999999999706e+00 9.400187699137775299e-01
4.957529000000000075e+00 9.216644556564782542e-01
4.965544999999999654e+00 9.145561744709446161e-01
4.973545999999999800e+00 9.448494716457482845e-01
4.981532999999999767e+00 9.359336625071961180e-01
4.989506000000000441e+00 9.138362717362921162e-01
4.997465000000000046e+00 9.324966019029511388e-01
5.005409000000000219e+00 9.302568733536548118e-01
5.013340000000000352e+00 9.306773138901770492e-01
5.021258000000000443e+00 9.235232133709586622e-01
5.029161000000000215e+00 9.139763622307786051e-01
5.037050999999999945e+00 9.277504846843619424e-01
5.044926000000000244e+00 8.945582788157794285e-01
5.052788999999999753e+00 9.360630483646782407e-01
5.060637999999999970e+00 9.375934199670357128e-01
5.068473000000000006e+00 9.240352826315243462e-01
5.076296000000000141e+00 9.288026393943383807e-01
5.084103999999999957e+00 9.052141027076388013e-01
5.091899999999999871e+00 9.351896208511482067e-01
5.099681999999999604e+00 9.430002544721042268e-01
5.107451000000000185e+00 9.409782953413396989e-01
5.115206999999999837e+00 9.331453820960785572e-01
5.122949000000000197e+00 9.355803711078043428e-01
5.130679999999999907e+00 9.356771887761990980e-01
5.138397000000000325e+00 9.280405794495704130e-01
5.146100999999999814e+00 8.931287942198857799e-01
5.153793000000000291e+00 9.343392785600400652e-01
5.161470999999999698e+00 9.324554826919962958e-01
5.169137000000000093e+00 9.034071415814787231e-01
5.176789999999999559e+00 9.303771175030166596e-01
5.184431000000000012e+00 9.023425886500817672e-01
5.192059999999999675e+00 9.408089694160780558e-01
5.199675000000000047e+00 8.969430293185317593e-01
5.207278999999999769e+00 9.288574139483967151e-01
5.214869000000000199e+00 9.196463075619708549e-01
5.222447999999999979e+00 9.337417419963877085e-01
5.230014999999999858e+00 9.061948721024492004e-01
5.237567999999999557e+00 9.233765308385564197e-01
5.245110999999999635e+00 8.739615815752608263e-01
5.252640999999999671e+00 9.176436111900602155e-01
5.260157999999999667e+00 9.318449846383221047e-01
5.267663999999999902e+00 9.053386327325848582e-01
5.275158000000000236e+00 9.381302322030852237e-01
5.282639999999999780e+00 8.818451404074140187e-01
5.290110999999999564e+00 9.127122603892899866e-01
5.297569000000000194e+00 9.605259176494923556e-01
