6.988050000000000095e-01 1.192133002995367619e+00
7.054350000000000342e-01 1.199275644416764930e+00
7.122249999999999970e-01 1.116823774029635619e+00
7.191800000000000415e-01 1.138422316051501904e+00
7.263169999999999904e-01 1.179009995728202087e+00
7.336439999999999628e-01 1.228763468047070040e+00
7.411480000000000290e-01 1.206176303218229773e+00
7.488550000000000484e-01 1.191628717864567255e+00
7.567639999999999922e-01 1.213666678492296924e+00
7.648749999999999716e-01 1.161891173302832092e+00
7.732109999999999816e-01 1.177708414331808839e+00
7.817619999999999569e-01 1.202599421184553652e+00
7.905440000000000245e-01 1.220614094815747785e+00
7.995679999999999454e-01 1.230714467341695428e+00
8.088269999999999627e-01 1.225492645018445348e+00
8.183420000000000138e-01 1.204845117560114920e+00
8.281209999999999960e-01 1.194018349735718409e+00
8.381629999999999914e-01 1.191362808441249088e+00
8.484770000000000367e-01 1.194254916620825835e+00
8.590719999999999468e-01 1.217542479758181972e+00
8.699550000000000338e-01 1.220062172024820812e+00
8.811350000000000016e-01 1.207468452870247733e+00
8.926159999999999650e-01 1.179248333731015563e+00
9.044060000000000432e-01 1.170347853036155295e+00
9.165079999999999893e-01 1.156338985615592563e+00
9.289260000000000295e-01 1.180426639727409910e+00
9.416799999999999615e-01 1.171009935122295342e+00
9.547579999999999956e-01 1.153355514116316094e+00
9.681659999999999711e-01 1.146609699952036321e+00
9.819160000000000110e-01 1.141186245525023457e+00
9.959980000000000500e-01 1.171004264915767035e+00
1.010421999999999931e+00 1.163608997983557769e+00
1.025187000000000070e+00 1.159756076905850364e+00
1.040286000000000044e+00 1.146308017217688269e+00
1.055719999999999992e+00 1.140809554879024468e+00
1.071490000000000054e+00 1.130898813569965577e+00
1.087587999999999999e+00 1.118133754168403549e+00
1.104006999999999961e+00 1.123943233406723641e+00
1.120740000000000069e+00 1.119810240998495354e+00
1.137777999999999956e+00 1.122490539235608376e+00
1.155116000000000032e+00 1.110644205955819919e+00
1.172739999999999894e+00 1.130830388460937419e+00
1.190638000000000085e+00 1.114321945445742701e+00
1.208795999999999982e+00 1.106787093609075567e+00
1.227203999999999962e+00 1.098602754608369647e+00
1.245846000000000009e+00 1.110073103806150874e+00
1.264704999999999968e+00 1.094258870789771132e+00
1.283770000000000078e+00 1.092713331302475721e+00
1.303020000000000067e+00 1.089647471017325842e+00
1.322446000000000010e+00 1.094754979124250793e+00
1.342024000000000106e+00 1.140133769148849341e+00
1.361742999999999926e+00 1.147646722032199307e+00
1.381585000000000063e+00 1.139602433047872898e+00
1.401534999999999975e+00 1.146445447098566772e+00
1.421578999999999926e+00 1.146128615921541583e+00
1.441699999999999982e+00 1.142417499822372839e+00
1.461883999999999961e+00 1.133766815801544370e+00
1.482118000000000047e+00 1.130477369093019657e+00
1.502388999999999974e+00 1.126293732935523151e+00
1.522683000000000009e+00 1.120368767246934016e+00
1.542990000000000084e+00 1.111247881342089183e+00
1.563298000000000076e+00 1.104168624655485154e+00
1.583596000000000004e+00 1.097681079054806386e+00
1.603874999999999940e+00 1.091978464228547274e+00
1.624125999999999959e+00 1.087344549941680727e+00
1.644339999999999913e+00 1.085198736260137187e+00
1.664509999999999934e+00 1.084645108602921626e+00
1.684628000000000014e+00 1.083823780454864494e+00
1.704688999999999899e+00 1.089910542889870104e+00
1.724685000000000024e+00 1.099293965753362246e+00
1.744612999999999969e+00 1.110912735987787725e+00
1.764467000000000008e+00 1.115747093467385431e+00
1.784242000000000106e+00 1.126248663342428458e+00
1.803935999999999984e+00 1.127163292668212469e+00
1.823541999999999996e+00 1.124846291911184348e+00
1.843061999999999978e+00 1.125813669104082759e+00
1.862489000000000061e+00 1.127602827883105618e+00
1.881822000000000106e+00 1.122218942839872780e+00
1.901059999999999972e+00 1.118357864200978824e+00
1.920201000000000047e+00 1.118464415638072973e+00
1.939241999999999910e+00 1.122210925653177593e+00
1.958183000000000007e+00 1.121593582668607425e+00
1.977022999999999975e+00 1.121809043304766940e+00
1.995762000000000036e+00 1.121383246477587026e+00
2.014396000000000075e+00 1.117113400830253456e+00
2.032928000000000068e+00 1.113324567402653509e+00
2.051358000000000015e+00 1.107426213822975791e+00
2.069682999999999939e+00 1.104180507464922911e+00
2.087905999999999818e+00 1.098875788476399995e+00
2.106025999999999954e+00 1.095058209204007538e+00
2.124042000000000208e+00 1.093255451743663231e+00
2.141954999999999831e+00 1.091482378821201804e+00
2.159766999999999992e+00 1.091522500027980236e+00
2.177477999999999803e+00 1.091619519483600476e+00
2.195085999999999871e+00 1.092642480533073890e+00
2.212593000000000032e+00 1.091892147465922891e+00
2.230001000000000122e+00 1.095561636410129491e+00
2.247310000000000141e+00 1.097721347288234561e+00
2.264520999999999784e+00 1.098832891545260537e+00
2.281633999999999940e+00 1.098785241291307724e+00
2.298649999999999860e+00 1.107401536493961558e+00
2.315570000000000128e+00 1.108785157813783062e+00
2.332393999999999856e+00 1.107692808334089341e+00
2.349124000000000212e+00 1.106856990100175020e+00
2.365762000000000143e+00 1.110142210510317140e+00
2.382305999999999813e+00 1.105608031996360818e+00
2.398759999999999781e+00 1.105340368931206463e+00
2.415122000000000213e+00 1.104869013684924628e+00
2.431395000000000195e+00 1.107057936193604153e+00
2.447579999999999867e+00 1.106716844332086946e+00
2.463677000000000117e+00 1.106644984997727788e+00
2.479687000000000197e+00 1.103287451367195970e+00
2.495610999999999802e+00 1.104821001581672846e+00
2.511448999999999820e+00 1.102886547199392053e+00
2.527204999999999924e+00 1.100129154097427620e+00
2.542876999999999832e+00 1.099685500515519276e+00
2.558467999999999964e+00 1.104013815107779184e+00
2.573977999999999877e+00 1.101058578394064291e+00
2.589407000000000014e+00 1.102361841326771730e+00
2.604757000000000211e+00 1.102423608791932352e+00
2.620028000000000024e+00 1.102473753513306898e+00
2.635222999999999871e+00 1.101725155671425593e+00
2.650341000000000058e+00 1.096844317079388453e+00
2.665382999999999836e+00 1.103805065982932598e+00
2.680349999999999788e+00 1.104884661634091270e+00
2.695244000000000195e+00 1.102416305312184930e+00
2.710064000000000028e+00 1.099836931393312733e+00
2.724810999999999872e+00 1.093531914339149758e+00
2.739488999999999841e+00 1.096862298884930809e+00
2.754094999999999960e+00 1.093647649591577009e+00
2.768629999999999924e+00 1.094189716997831852e+00
2.783097999999999850e+00 1.098210315513137303e+00
2.797496999999999900e+00 1.090844596182635406e+00
2.811828999999999912e+00 1.090429660415499713e+00
2.826095000000000024e+00 1.091875569572030802e+00
2.840292999999999957e+00 1.092326950100803939e+00
2.854427999999999965e+00 1.091698628369119461e+00
2.868497000000000074e+00 1.089850961265097062e+00
2.882503999999999955e+00 1.088877361795155707e+00
2.896446000000000076e+00 1.089150839241212365e+00
2.910327000000000108e+00 1.087707278356552454e+00
2.924147000000000052e+00 1.084732774221571550e+00
2.937905000000000211e+00 1.086366051447347214e+00
2.951604000000000116e+00 1.088170789574610664e+00
2.965241999999999933e+00 1.083302308600119002e+00
2.978822000000000081e+00 1.084719036330179964e+00
2.992344000000000115e+00 1.083025580435169832e+00
3.005808000000000035e+00 1.080286352913228720e+00
3.019216000000000122e+00 1.083382299311558494e+00
3.032566000000000095e+00 1.079925846389413246e+00
3.045860999999999930e+00 1.084886923559199801e+00
3.059101000000000070e+00 1.076806806919189619e+00
3.072286000000000072e+00 1.077439566359293055e+00
3.085418000000000216e+00 1.080782855684467858e+00
3.098495000000000221e+00 1.078971956042274138e+00
3.111520000000000064e+00 1.084283700365075598e+00
3.124493000000000187e+00 1.077771917239912280e+00
3.137413000000000007e+00 1.081682787990131400e+00
3.150282999999999944e+00 1.079793437182871907e+00
3.163101999999999858e+00 1.075367073141835661e+00
3.175870000000000193e+00 1.078178913926318927e+00
3.188590000000000035e+00 1.079096336935772671e+00
3.201259999999999994e+00 1.076608312050446825e+00
3.213881000000000210e+00 1.075074635182859506e+00
3.226453999999999933e+00 1.076054530179904489e+00
3.238980000000000192e+00 1.074292946353232026e+00
3.251457999999999959e+00 1.075821320425221606e+00
3.263888999999999818e+00 1.076053869651114825e+00
3.276273999999999909e+00 1.078483628623437607e+00
3.288613999999999926e+00 1.073974987898018485e+00
3.300907000000000036e+00 1.073728332534577445e+00
3.313156000000000212e+00 1.072616031958001814e+00
3.325359999999999872e+00 1.073588185811722218e+00
3.337521000000000182e+00 1.074387460339268019e+00
3.349638000000000115e+00 1.073198586172156022e+00
3.361711000000000116e+00 1.074719797510765407e+00
3.373740999999999879e+00 1.074779782283847851e+00
3.385728999999999989e+00 1.070193417032949457e+00
3.397676000000000140e+00 1.071662413744219444e+00
3.409581000000000195e+00 1.071311198106302820e+00
3.421443000000000012e+00 1.073417777005172713e+00
3.433265000000000011e+00 1.075339535084640197e+00
3.445047000000000192e+00 1.072644622095494160e+00
3.456789000000000112e+00 1.070049508004523808e+00
3.468490000000000073e+00 1.070903290996314761e+00
3.480153000000000052e+00 1.073097739918931426e+00
3.491776999999999909e+00 1.073640964019132005e+00
3.503360999999999947e+00 1.070006420523022861e+00
3.514907000000000004e+00 1.071680681875976759e+00
3.526415000000000077e+00 1.070562954722316773e+00
3.537885000000000169e+00 1.068150634055927028e+00
3.549317999999999973e+00 1.070333127790969563e+00
3.560715000000000074e+00 1.068811091315002626e+00
3.572074000000000193e+00 1.067887786226202396e+00
3.583397000000000165e+00 1.066782469033620284e+00
3.594683999999999990e+00 1.067872292645098087e+00
3.605935000000000112e+00 1.066132034789438743e+00
3.617150000000000087e+00 1.069227259161845911e+00
3.628331000000000195e+00 1.067092454828306947e+00
3.639476999999999851e+00 1.067956163099789135e+00
3.650586999999999804e+00 1.066535326704465048e+00
3.661664000000000030e+00 1.065955112640595503e+00
3.672706999999999944e+00 1.063837768249556115e+00
3.683715999999999990e+00 1.063970131629882854e+00
3.694691000000000169e+00 1.063817172391289922e+00
3.705633000000000177e+00 1.063044972125679610e+00
3.716542000000000012e+00 1.062566118862689590e+00
3.727418999999999816e+00 1.059783872479265865e+00
3.738262999999999892e+00 1.064371303160028148e+00
3.749074999999999935e+00 1.060902420823228498e+00
3.759856000000000087e+00 1.059472562322980815e+00
3.770604000000000067e+00 1.060461360344172599e+00
3.781321000000000154e+00 1.056471332417228792e+00
3.792008000000000045e+00 1.058129776556033130e+00
3.802662999999999904e+00 1.058083950841645082e+00
3.813288000000000011e+00 1.060276740124457273e+00
3.823881999999999781e+00 1.059910513501131746e+00
3.834445999999999799e+00 1.059313182271892195e+00
3.844980000000000064e+00 1.057205945577496697e+00
3.855484999999999829e+00 1.056738897778660924e+00
3.865959999999999841e+00 1.057589847953281037e+00
3.876405999999999796e+00 1.058476282388232326e+00
3.886821999999999999e+00 1.058316555335034437e+00
3.897209999999999841e+00 1.056972764219645811e+00
3.907569000000000070e+00 1.058150305776419886e+00
3.917899999999999938e+00 1.055522286399930731e+00
3.928202999999999889e+00 1.058258526233654795e+00
3.938477999999999923e+00 1.055639143218731313e+00
3.948726000000000180e+00 1.058178197347373173e+00
3.958944999999999936e+00 1.056945523147496901e+00
3.969136000000000220e+00 1.058418574226135167e+00
3.979300999999999977e+00 1.059203993182102010e+00
3.989438999999999957e+00 1.057015910698700489e+00
3.999550000000000161e+00 1.060029693387241290e+00
4.009635000000000282e+00 1.056427320380580959e+00
4.019694000000000322e+00 1.061187257578303011e+00
4.029725000000000001e+00 1.062674442913636330e+00
4.039730999999999739e+00 1.059071400855361222e+00
4.049711000000000283e+00 1.058421329444782621e+00
4.059664999999999857e+00 1.065002603151201876e+00
4.069594999999999629e+00 1.060413825414443068e+00
4.079498000000000069e+00 1.063809283676280026e+00
4.089375999999999678e+00 1.062299866694528250e+00
4.099230000000000373e+00 1.067881526353669397e+00
4.109059000000000239e+00 1.063780158334826087e+00
4.118863000000000163e+00 1.065714942721621483e+00
4.128642000000000145e+00 1.070079016293293606e+00
4.138397999999999577e+00 1.065238304870787411e+00
4.148128999999999955e+00 1.066709202887448749e+00
4.157835999999999643e+00 1.071381160576131197e+00
4.167519999999999669e+00 1.069343907955754291e+00
4.177178999999999753e+00 1.068011425689139537e+00
4.186816000000000315e+00 1.072757687230208479e+00
4.196429000000000187e+00 1.070403234097259570e+00
4.206018000000000256e+00 1.070262654012530845e+00
4.215584999999999916e+00 1.074787388804653521e+00
4.225128999999999913e+00 1.076871039053840295e+00
4.234651000000000387e+00 1.072052210005711936e+00
4.244149000000000171e+00 1.079047295393927852e+00
4.253624000000000294e+00 1.075825479644639815e+00
4.263079000000000285e+00 1.071060575366858725e+00
4.272509999999999586e+00 1.073346293403306007e+00
4.281919000000000253e+00 1.075501214154925611e+00
4.291306999999999761e+00 1.075249409457947447e+00
4.300672999999999746e+00 1.069650336421134940e+00
4.310017000000000209e+00 1.074532409630692298e+00
4.319340000000000401e+00 1.072348111582039465e+00
4.328642000000000323e+00 1.074605870020928888e+00
4.337921999999999834e+00 1.072822309633399085e+00
4.347180999999999962e+00 1.079374089455616081e+00
4.356419999999999959e+00 1.074439182364572254e+00
4.365637000000000434e+00 1.077785718677284565e+00
4.374832999999999750e+00 1.074276567940045668e+00
4.384008999999999823e+00 1.073760383733840085e+00
4.393164999999999765e+00 1.077006648991629900e+00
4.402300000000000324e+00 1.075501626591839344e+00
4.411414999999999864e+00 1.076180512289436120e+00
4.420510000000000161e+00 1.075215390758387013e+00
4.429585000000000328e+00 1.075914365950252805e+00
4.438640999999999615e+00 1.072638628741447331e+00
4.447676000000000407e+00 1.075464417714189214e+00
4.456692000000000320e+00 1.073906616178549989e+00
4.465689000000000242e+00 1.074351482189650708e+00
4.474664999999999893e+00 1.076421436345468496e+00
4.483622999999999692e+00 1.076063109161615294e+00
4.492562000000000388e+00 1.072861117147974941e+00
4.501481000000000066e+00 1.073222049199915373e+00
4.510381999999999891e+00 1.073724903468764591e+00
4.519262999999999586e+00 1.073939346744888779e+00
4.528126000000000317e+00 1.072445975566722831e+00
4.536971000000000309e+00 1.070271359555915458e+00
4.545796000000000170e+00 1.073895950622393070e+00
4.554604000000000319e+00 1.073937329311179134e+00
4.563392999999999589e+00 1.071168770777632950e+00
4.572162999999999755e+00 1.070874276888524657e+00
4.580917000000000350e+00 1.071994409214908073e+00
4.589650999999999925e+00 1.075940949835793470e+00
4.598367999999999789e+00 1.069697273167625529e+00
4.607066999999999801e+00 1.074226531029666809e+00
4.615747999999999962e+00 1.070015264593638937e+00
4.624412000000000411e+00 1.073530362780937386e+00
4.633058000000000121e+00 1.073145234543228188e+00
4.641687000000000118e+00 1.073087062456642204e+00
4.650298000000000265e+00 1.073811862842956710e+00
4.658892999999999951e+00 1.071489271338865290e+00
4.667468999999999646e+00 1.072344840113960585e+00
4.676028999999999769e+00 1.072223527005224053e+00
4.684573000000000320e+00 1.072694298128091361e+00
4.693099000000000132e+00 1.073073198193670752e+00
4.701609000000000371e+00 1.072663095885122431e+00
4.710100999999999871e+00 1.073946309564201007e+00
4.718577999999999939e+00 1.073141468420634848e+00
4.727036000000000016e+00 1.076561019113842832e+00
4.735479999999999912e+00 1.074818097484973700e+00
4.743905999999999956e+00 1.076774179459779379e+00
4.752316999999999680e+00 1.071702895778405384e+00
4.760710999999999693e+00 1.073926827557177610e+00
4.769089000000000134e+00 1.070307802560814148e+00
4.777451000000000114e+00 1.064723829501643015e+00
4.785797999999999774e+00 1.074040970340963908e+00
4.794127999999999723e+00 1.075825578608166522e+00
4.802443000000000239e+00 1.074982209486715412e+00
4.810742000000000296e+00 1.070780525167335906e+00
4.819026000000000032e+00 1.070334666039459703e+00
4.827293000000000056e+00 1.075097896478353299e+00
4.835545999999999900e+00 1.074050523002074042e+00
4.843783000000000172e+00 1.070788669760255551e+00
4.852005000000000123e+00 1.072125978676941926e+00
4.860210999999999615e+00 1.075533794468445548e+00
4.868402999999999814e+00 1.074183552820681342e+00
4.876579000000000441e+00 1.072107931728232710e+00
4.884741000000000000e+00 1.071798512068461884e+00
4.892886999999999986e+00 1.070935079227635089e+00
4.901018999999999792e+00 1.074281087384560740e+00
4.909135000000000026e+00 1.067290063207767314e+00
4.917238000000000220e+00 1.071064838608470238e+00
4.925323999999999813e+00 1.067238022918876927e+00
4.933398000000000394e+00 1.064127904348515008e+00
4.941455999999999626e+00 1.072909092628510086e+00
4.949500999999999706e+00 1.069632573172543566e+00
4.957529000000000075e+00 1.067382663856270897e+00
4.965544999999999654e+00 1.066240087859847252e+00
4.973545999999999800e+00 1.070911297622912928e+00
4.981532999999999767e+00 1.069340314719546159e+00
4.989506000000000441e+00 1.066983119228925858e+00
4.997465000000000046e+00 1.066573661551045937e+00
5.005409000000000219e+00 1.068264272587871044e+00
5.013340000000000352e+00 1.067274351007786226e+00
5.021258000000000443e+00 1.063268242539647801e+00
5.029161000000000215e+00 1.063777431028182230e+00
5.037050999999999945e+00 1.065497621951684071e+00
5.044926000000000244e+00 1.057216578137483376e+00
5.052788999999999753e+00 1.068019679282045775e+00
5.060637999999999970e+00 1.067929493893494675e+00
5.068473000000000006e+00 1.064787900222426309e+00
5.076296000000000141e+00 1.064710574296796608e+00
5.084103999999999957e+00 1.062426492937057487e+00
5.091899999999999871e+00 1.064044580383686434e+00
5.099681999999999604e+00 1.065812650251560578e+00
5.107451000000000185e+00 1.067129694159199227e+00
5.115206999999999837e+00 1.065100800104859635e+00
5.122949000000000197e+00 1.064534690208362555e+00
5.130679999999999907e+00 1.065589130429245968e+00
5.138397000000000325e+00 1.064698836929853787e+00
5.146100999999999814e+00 1.058353727155803892e+00
5.153793000000000291e+00 1.065673934560434688e+00
5.161470999999999698e+00 1.062777566287643305e+00
5.169137000000000093e+00 1.057686955584165034e+00
5.176789999999999559e+00 1.063219624433473509e+00
5.184431000000000012e+00 1.058060825240853431e+00
5.192059999999999675e+00 1.064108888350099091e+00
5.199675000000000047e+00 1.056262268518912029e+00
5.207278999999999769e+00 1.067484382913788554e+00
5.214869000000000199e+00 1.062908804065529234e+00
5.222447999999999979e+00 1.065947277124870141e+00
5.230014999999999858e+00 1.058546498628293531e+00
5.237567999999999557e+00 1.063331676022277517e+00
5.245110999999999635e+00 1.050520243752615990e+00
5.252640999999999671e+00 1.058132527086520502e+00
5.260157999999999667e+00 1.064019258700332093e+00
5.267663999999999902e+00 1.058033621527668444e+00
5.275158000000000236e+00 1.067327192459312402e+00
5.282639999999999780e+00 1.052441934412796209e+00
5.290110999999999564e+00 1.062694562051791136e+00
5.297569000000000194e+00 1.065566793072896479e+00
