6.988050000000000095e-01 7.500980703301102226e-01
7.054350000000000342e-01 7.626911485623824039e-01
7.122249999999999970e-01 7.003946024574331242e-01
7.191800000000000415e-01 7.302036312577012689e-01
7.263169999999999904e-01 7.498493352395605438e-01
7.336439999999999628e-01 8.069352085607049974e-01
7.411480000000000290e-01 6.568224856249288424e-01
7.488550000000000484e-01 6.181577164119153034e-01
7.567639999999999922e-01 6.812904232672702953e-01
7.648749999999999716e-01 5.851114143471322082e-01
7.732109999999999816e-01 6.616688060036648444e-01
7.817619999999999569e-01 7.669525708687253696e-01
7.905440000000000245e-01 8.088749587797263718e-01
7.995679999999999454e-01 8.053574953931645908e-01
8.088269999999999627e-01 8.291827278901033882e-01
8.183420000000000138e-01 8.622268176408434126e-01
8.281209999999999960e-01 8.532003566709992493e-01
8.381629999999999914e-01 8.784298607250786706e-01
8.484770000000000367e-01 8.702616212950404773e-01
8.590719999999999468e-01 8.374803264687489257e-01
8.699550000000000338e-01 7.886798107844738004e-01
8.811350000000000016e-01 8.422406245636607780e-01
8.926159999999999650e-01 8.305259988049518149e-01
9.044060000000000432e-01 8.904819696045744859e-01
9.165079999999999893e-01 9.162358984419926022e-01
9.289260000000000295e-01 9.254040983291175193e-01
9.416799999999999615e-01 9.409029697766968514e-01
9.547579999999999956e-01 9.467568957930991846e-01
9.681659999999999711e-01 9.559979301608667601e-01
9.819160000000000110e-01 9.326465336487099744e-01
9.959980000000000500e-01 9.046279822506192447e-01
1.010421999999999931e+00 9.138874952058271273e-01
1.025187000000000070e+00 9.247188134721530117e-01
1.040286000000000044e+00 9.282662798241894109e-01
1.055719999999999992e+00 9.367844509451775936e-01
1.071490000000000054e+00 9.432158991372312506e-01
1.087587999999999999e+00 9.377817940655737150e-01
1.104006999999999961e+00 9.413026557773460645e-01
1.120740000000000069e+00 9.384582178635384464e-01
1.137777999999999956e+00 9.303704357259050539e-01
1.155116000000000032e+00 9.431821436596383723e-01
1.172739999999999894e+00 9.229071979901303235e-01
1.190638000000000085e+00 9.441876285122864365e-01
1.208795999999999982e+00 9.421616891896356094e-01
1.227203999999999962e+00 9.508199156883485603e-01
1.245846000000000009e+00 9.419415897357501510e-01
1.264704999999999968e+00 9.536231469324597532e-01
1.283770000000000078e+00 9.571208970134139626e-01
1.303020000000000067e+00 9.555579138343056611e-01
1.322446000000000010e+00 9.473228266514870377e-01
1.342024000000000106e+00 8.901918255630005827e-01
1.361742999999999926e+00 8.876421483967074089e-01
1.381585000000000063e+00 8.949600415951894927e-01
1.401534999999999975e+00 8.919641387273384847e-01
1.421578999999999926e+00 8.798053776427988693e-01
1.441699999999999982e+00 8.760554770639378264e-01
1.461883999999999961e+00 8.809138373564789903e-01
1.482118000000000047e+00 8.914554477089617901e-01
1.502388999999999974e+00 9.039285021231231454e-01
1.522683000000000009e+00 9.158254763767640361e-01
1.542990000000000084e+00 9.188269940584711248e-01
1.563298000000000076e+00 9.237446060559575400e-01
1.583596000000000004e+00 9.322978857668414721e-01
1.603874999999999940e+00 9.354937975414500118e-01
1.624125999999999959e+00 9.410217725652577636e-01
1.644339999999999913e+00 9.467223286338993793e-01
1.664509999999999934e+00 9.484535732810062125e-01
1.684628000000000014e+00 9.548339812625968870e-01
1.704688999999999899e+00 9.470613959185393282e-01
1.724685000000000024e+00 9.276250244657580080e-01
1.744612999999999969e+00 9.295050899319792226e-01
1.764467000000000008e+00 9.023873597371457889e-01
1.784242000000000106e+00 9.078869542042562468e-01
1.803935999999999984e+00 8.963398474402002325e-01
1.823541999999999996e+00 8.954598214538936896e-01
1.843061999999999978e+00 8.903175466505611757e-01
1.862489000000000061e+00 8.778188708549696795e-01
1.881822000000000106e+00 8.864730891854463168e-01
1.901059999999999972e+00 8.959380579831818237e-01
1.920201000000000047e+00 9.013109078045249412e-01
1.939241999999999910e+00 9.181202607797498416e-01
1.958183000000000007e+00 9.036623708502472541e-01
1.977022999999999975e+00 9.121926672168234607e-01
1.995762000000000036e+00 9.117933580672352711e-01
2.014396000000000075e+00 9.017898205219858632e-01
2.032928000000000068e+00 9.111926824896384725e-01
2.051358000000000015e+00 9.116728202115457202e-01
2.069682999999999939e+00 9.209379533688353270e-01
2.087905999999999818e+00 9.235794963719156092e-01
2.106025999999999954e+00 9.294076590249714664e-01
2.124042000000000208e+00 9.385366982260938684e-01
2.141954999999999831e+00 9.440443531445809056e-01
2.159766999999999992e+00 9.513201763419308898e-01
2.177477999999999803e+00 9.509572481209519479e-01
2.195085999999999871e+00 9.537073060218345111e-01
2.212593000000000032e+00 9.522591762428976869e-01
2.230001000000000122e+00 9.602693230647040279e-01
2.247310000000000141e+00 9.621591289819274584e-01
2.264520999999999784e+00 9.589082765475920311e-01
2.281633999999999940e+00 9.604143777837332863e-01
2.298649999999999860e+00 9.294127777046745642e-01
2.315570000000000128e+00 9.373009234043521154e-01
2.332393999999999856e+00 9.299272775832967408e-01
2.349124000000000212e+00 9.321680950117117170e-01
2.365762000000000143e+00 9.375190251695734167e-01
2.382305999999999813e+00 9.273997026979764469e-01
2.398759999999999781e+00 9.289108270507192566e-01
2.415122000000000213e+00 9.086862856089571450e-01
2.431395000000000195e+00 9.103757945849999533e-01
2.447579999999999867e+00 9.034673566485295071e-01
2.463677000000000117e+00 9.073682424970508364e-01
2.479687000000000197e+00 8.869689836242776737e-01
2.495610999999999802e+00 8.882646397644154979e-01
2.511448999999999820e+00 8.676224844882601817e-01
2.527204999999999924e+00 8.585787786946321720e-01
2.542876999999999832e+00 8.528840994885341642e-01
2.558467999999999964e+00 8.753485767677070539e-01
2.573977999999999877e+00 8.714889372063189255e-01
2.589407000000000014e+00 8.744336088973100329e-01
2.604757000000000211e+00 8.804722949752086247e-01
2.620028000000000024e+00 8.973508433654946437e-01
2.635222999999999871e+00 8.994022586969553368e-01
2.650341000000000058e+00 8.727224177039799580e-01
2.665382999999999836e+00 8.996190971381738954e-01
2.680349999999999788e+00 8.712599482849695542e-01
2.695244000000000195e+00 8.642368132921466328e-01
2.710064000000000028e+00 8.652016391873352807e-01
2.724810999999999872e+00 8.590517282163813162e-01
2.739488999999999841e+00 8.755212476921103715e-01
2.754094999999999960e+00 8.686511826566665206e-01
2.768629999999999924e+00 8.695747497457461117e-01
2.783097999999999850e+00 8.888822017922056729e-01
2.797496999999999900e+00 8.716295332922691097e-01
2.811828999999999912e+00 8.707334346870602149e-01
2.826095000000000024e+00 8.755085496586449967e-01
2.840292999999999957e+00 8.830236016213018901e-01
2.854427999999999965e+00 8.741762610346204276e-01
2.868497000000000074e+00 8.739465003457185244e-01
2.882503999999999955e+00 8.743948377356276502e-01
2.896446000000000076e+00 8.781189553690262883e-01
2.910327000000000108e+00 8.821553823546691708e-01
2.924147000000000052e+00 8.675843636512213797e-01
2.937905000000000211e+00 8.855648673127167747e-01
2.951604000000000116e+00 8.903350592662578888e-01
2.965241999999999933e+00 8.820834389981312418e-01
2.978822000000000081e+00 8.781832353933244351e-01
2.992344000000000115e+00 8.796897134152065201e-01
3.005808000000000035e+00 8.776907323318658971e-01
3.019216000000000122e+00 8.905113659793287839e-01
3.032566000000000095e+00 8.787533969297113279e-01
3.045860999999999930e+00 9.030546752244590358e-01
3.059101000000000070e+00 8.758512037301181552e-01
3.072286000000000072e+00 8.857061175669072028e-01
3.085418000000000216e+00 8.988841670101249681e-01
3.098495000000000221e+00 8.978675756361190752e-01
3.111520000000000064e+00 9.193637495821671557e-01
3.124493000000000187e+00 8.988499390325003224e-01
3.137413000000000007e+00 9.173473065927996162e-01
3.150282999999999944e+00 9.113822043044010890e-01
3.163101999999999858e+00 8.924974715011162463e-01
3.175870000000000193e+00 9.101796049274949452e-01
3.188590000000000035e+00 9.295038596294160627e-01
3.201259999999999994e+00 9.035659642784993340e-01
3.213881000000000210e+00 9.073283144791853827e-01
3.226453999999999933e+00 9.164094983313668674e-01
3.238980000000000192e+00 9.046137044035545971e-01
3.251457999999999959e+00 9.216740627542000519e-01
3.263888999999999818e+00 9.272683084549285804e-01
3.276273999999999909e+00 9.327535059794388461e-01
3.288613999999999926e+00 9.251702120774915050e-01
3.300907000000000036e+00 9.144386698629610732e-01
3.313156000000000212e+00 9.125721615826644095e-01
3.325359999999999872e+00 9.315839911011472019e-01
3.337521000000000182e+00 9.330633566920162325e-01
3.349638000000000115e+00 9.265237968636240717e-01
3.361711000000000116e+00 9.330996669653839337e-01
3.373740999999999879e+00 9.315651247967052795e-01
3.385728999999999989e+00 9.189835064866055392e-01
3.397676000000000140e+00 9.291434602072361493e-01
3.409581000000000195e+00 9.204365035128561079e-01
3.421443000000000012e+00 9.284024635761799482e-01
3.433265000000000011e+00 9.496434173480340357e-01
3.445047000000000192e+00 9.356882566880555530e-01
3.456789000000000112e+00 9.285636577222039501e-01
3.468490000000000073e+00 9.444749947211877883e-01
3.480153000000000052e+00 9.419571603250006531e-01
3.491776999999999909e+00 9.445994047394483673e-01
3.503360999999999947e+00 9.429093026728829763e-01
3.514907000000000004e+00 9.431343482887676322e-01
3.526415000000000077e+00 9.503169751661731945e-01
3.537885000000000169e+00 9.331167765150165661e-01
3.549317999999999973e+00 9.386027187982757258e-01
3.560715000000000074e+00 9.424067233790931475e-01
3.572074000000000193e+00 9.341766260996120508e-01
3.583397000000000165e+00 9.392285168167078258e-01
3.594683999999999990e+00 9.542505942786664308e-01
3.605935000000000112e+00 9.368567230351177999e-01
3.617150000000000087e+00 9.533467873262279069e-01
3.628331000000000195e+00 9.555941472466937814e-01
3.639476999999999851e+00 9.576911867631349162e-01
3.650586999999999804e+00 9.563896782701620802e-01
3.661664000000000030e+00 9.514660142834435730e-01
3.672706999999999944e+00 9.401172740301740882e-01
3.683715999999999990e+00 9.595958989634311154e-01
3.694691000000000169e+00 9.441900595672501062e-01
3.705633000000000177e+00 9.545702127221624700e-01
3.716542000000000012e+00 9.640145273587372721e-01
3.727418999999999816e+00 9.525906939555256470e-01
3.738262999999999892e+00 9.557001177581869733e-01
3.749074999999999935e+00 9.573713152068895615e-01
3.759856000000000087e+00 9.557272290355484090e-01
3.770604000000000067e+00 9.580226047320953287e-01
3.781321000000000154e+00 9.524800870014386023e-01
3.792008000000000045e+00 9.516905501170738191e-01
3.802662999999999904e+00 9.617921854827111705e-01
3.813288000000000011e+00 9.647042812586544835e-01
3.823881999999999781e+00 9.643769701939852723e-01
3.834445999999999799e+00 9.660359140368784958e-01
3.844980000000000064e+00 9.505041203754782675e-01
3.855484999999999829e+00 9.667514990377339412e-01
3.865959999999999841e+00 9.689651795292236747e-01
3.876405999999999796e+00 9.636086005388768694e-01
3.886821999999999999e+00 9.634987275468136492e-01
3.897209999999999841e+00 9.633291134429470270e-01
3.907569000000000070e+00 9.698830067017524259e-01
3.917899999999999938e+00 9.606380155959839406e-01
3.928202999999999889e+00 9.656345097176393111e-01
3.938477999999999923e+00 9.652411923515942238e-01
3.948726000000000180e+00 9.667427802532062575e-01
3.958944999999999936e+00 9.643843230420408030e-01
3.969136000000000220e+00 9.606673822111947425e-01
3.979300999999999977e+00 9.610635376249794248e-01
3.989438999999999957e+00 9.649995641313260375e-01
3.999550000000000161e+00 9.572356157560162337e-01
4.009635000000000282e+00 9.550511509483067263e-01
4.019694000000000322e+00 9.659684729820779969e-01
4.029725000000000001e+00 9.566414841819845805e-01
4.039730999999999739e+00 9.613491360760684223e-01
4.049711000000000283e+00 9.535874406619480048e-01
4.059664999999999857e+00 9.633275654785130593e-01
4.069594999999999629e+00 9.576542341719556095e-01
4.079498000000000069e+00 9.382310062063253797e-01
4.089375999999999678e+00 9.391499416525290744e-01
4.099230000000000373e+00 9.530290633199132166e-01
4.109059000000000239e+00 9.468719345446148239e-01
4.118863000000000163e+00 9.468109676350556780e-01
4.128642000000000145e+00 9.527019064399411263e-01
4.138397999999999577e+00 9.428868970269104199e-01
4.148128999999999955e+00 9.474902569681854514e-01
4.157835999999999643e+00 9.566739747072675604e-01
4.167519999999999669e+00 9.375424065081465752e-01
4.177178999999999753e+00 9.490066463639194039e-01
4.186816000000000315e+00 9.426442309802173236e-01
4.196429000000000187e+00 9.498551535348670471e-01
4.206018000000000256e+00 9.372074697537414734e-01
4.215584999999999916e+00 9.349938906476844558e-01
4.225128999999999913e+00 9.521219101457133460e-01
4.234651000000000387e+00 9.405219465133325407e-01
4.244149000000000171e+00 9.434641522521410861e-01
4.253624000000000294e+00 9.279306516149798956e-01
4.263079000000000285e+00 9.286130160218070140e-01
4.272509999999999586e+00 9.356799190158613388e-01
4.281919000000000253e+00 9.406254611772132401e-01
4.291306999999999761e+00 9.444964292169374387e-01
4.300672999999999746e+00 9.261659615079412822e-01
4.310017000000000209e+00 9.301095707448879812e-01
4.319340000000000401e+00 9.198844801266786719e-01
4.328642000000000323e+00 9.317471928831411176e-01
4.337921999999999834e+00 9.090774335008808826e-01
4.347180999999999962e+00 9.336783301549851366e-01
4.356419999999999959e+00 9.259216836761761105e-01
4.365637000000000434e+00 9.273278779528260074e-01
4.374832999999999750e+00 9.122642499284736584e-01
4.384008999999999823e+00 9.143396080315729924e-01
4.393164999999999765e+00 9.110467825754601234e-01
4.402300000000000324e+00 9.101153457602791930e-01
4.411414999999999864e+00 9.188783596826375355e-01
4.420510000000000161e+00 9.108256786833740515e-01
4.429585000000000328e+00 9.143428743723731600e-01
4.438640999999999615e+00 9.013129588530944813e-01
4.447676000000000407e+00 9.057967338085110010e-01
4.456692000000000320e+00 9.056084886945016121e-01
4.465689000000000242e+00 9.080571846707371497e-01
4.474664999999999893e+00 9.105743086433462086e-01
4.483622999999999692e+00 9.111185114041888689e-01
4.492562000000000388e+00 9.031534842078747793e-01
4.501481000000000066e+00 9.083642838627776772e-01
4.510381999999999891e+00 9.043967984622306444e-01
4.519262999999999586e+00 9.041373928993651221e-01
4.528126000000000317e+00 8.960189909190787727e-01
4.536971000000000309e+00 8.900670736808986572e-01
4.545796000000000170e+00 9.115301217691225144e-01
4.554604000000000319e+00 9.029939595986604672e-01
4.563392999999999589e+00 8.906613028318577374e-01
4.572162999999999755e+00 8.878628084004953624e-01
4.580917000000000350e+00 9.001061801476619717e-01
4.589650999999999925e+00 9.144073117711505327e-01
4.598367999999999789e+00 8.950222066648296781e-01
4.607066999999999801e+00 9.015534190921191682e-01
4.615747999999999962e+00 8.890596775939602070e-01
4.624412000000000411e+00 9.070798648235237627e-01
4.633058000000000121e+00 9.108070368388812010e-01
4.641687000000000118e+00 8.991090329313620177e-01
4.650298000000000265e+00 9.152003513782113187e-01
4.658892999999999951e+00 9.067354768846683788e-01
4.667468999999999646e+00 9.219713549729353641e-01
4.676028999999999769e+00 9.153362418458356187e-01
4.684573000000000320e+00 9.167630244926178174e-01
4.693099000000000132e+00 9.174169990512227590e-01
4.701609000000000371e+00 9.197080756268403157e-01
4.710100999999999871e+00 9.108163799369798364e-01
4.718577999999999939e+00 9.075946441905722306e-01
4.727036000000000016e+00 9.175573805820533835e-01
4.735479999999999912e+00 9.264306280209291256e-01
4.743905999999999956e+00 9.178166412036578015e-01
4.752316999999999680e+00 9.055787855907609929e-01
4.760710999999999693e+00 9.204297728382095922e-01
4.769089000000000134e+00 9.107402186607315153e-01
4.777451000000000114e+00 8.905797427676983569e-01
4.785797999999999774e+00 9.084574990657764415e-01
4.794127999999999723e+00 9.219884277471364076e-01
4.802443000000000239e+00 9.181876982428398559e-01
4.810742000000000296e+00 9.120571739963861946e-01
4.819026000000000032e+00 9.032316205028132483e-01
4.827293000000000056e+00 9.231325910550418623e-01
4.835545999999999900e+00 9.200428201678969575e-01
4.843783000000000172e+00 8.982440586716922137e-01
4.852005000000000123e+00 9.137615692269167589e-01
4.860210999999999615e+00 9.351643118038980296e-01
4.868402999999999814e+00 9.283905925415912863e-01
4.876579000000000441e+00 9.154321871901504037e-01
4.884741000000000000e+00 9.081626372562899840e-01
4.892886999999999986e+00 9.250757796876140082e-01
4.901018999999999792e+00 9.245420386155599468e-01
4.909135000000000026e+00 9.030835152095243457e-01
4.917238000000000220e+00 9.085157066836250239e-01
4.925323999999999813e+00 8.957319363137788981e-01
4.933398000000000394e+00 8.956989692990299234e-01
4.941455999999999626e+00 9.162917915056221219e-01
4.949500999999999706e+00 9.225015430091378921e-01
4.957529000000000075e+00 9.047155814681809849e-01
4.965544999999999654e+00 8.978743969260420954e-01
4.973545999999999800e+00 9.270347809418088003e-01
4.981532999999999767e+00 9.185021733556717471e-01
4.989506000000000441e+00 8.970117288983436854e-01
4.997465000000000046e+00 9.156537122670803663e-01
5.005409000000000219e+00 9.130800383822305077e-01
5.013340000000000352e+00 9.137002379367831217e-01
5.021258000000000443e+00 9.073959407808686040e-01
5.029161000000000215e+00 8.977857927338152022e-01
5.037050999999999945e+00 9.111511738176751862e-01
5.044926000000000244e+00 8.797156544289062019e-01
5.052788999999999753e+00 9.189031354575657451e-01
5.060637999999999970e+00 9.204436683490293536e-01
5.068473000000000006e+00 9.075974154234986990e-01
5.076296000000000141e+00 9.123595128725898729e-01
5.084103999999999957e+00 8.893264616437864811e-01
5.091899999999999871e+00 9.188579623882047187e-01
5.099681999999999604e+00 9.262661380841162861e-01
5.107451000000000185e+00 9.239772020836380939e-01
5.115206999999999837e+00 9.166030806089685568e-01
5.122949000000000197e+00 9.191452017345806969e-01
5.130679999999999907e+00 9.190224989649644627e-01
5.138397000000000325e+00 9.116031562219888418e-01
5.146100999999999814e+00 8.780704531976289973e-01
5.153793000000000291e+00 9.176731084692344442e-01
5.161470999999999698e+00 9.163968996998663741e-01
5.169137000000000093e+00 8.884548455695037150e-01
5.176789999999999559e+00 9.142343002588688705e-01
5.184431000000000012e+00 8.873190196340422498e-01
5.192059999999999675e+00 9.244426806083421155e-01
5.199675000000000047e+00 8.822811545881811268e-01
5.207278999999999769e+00 9.118474604398632000e-01
5.214869000000000199e+00 9.036065810585390823e-01
5.222447999999999979e+00 9.170218534879359673e-01
5.230014999999999858e+00 8.910670435093802633e-01
5.237567999999999557e+00 9.072369347137404505e-01
5.245110999999999635e+00 8.604122614520427481e-01
5.252640999999999671e+00 9.025758713208850148e-01
5.260157999999999667e+00 9.155315507332922875e-01
5.267663999999999902e+00 8.903140405464948781e-01
5.275158000000000236e+00 9.211026091646680181e-01
5.282639999999999780e+00 8.679325628413455673e-01
5.290110999999999564e+00 8.967420976681144129e-01
5.297569000000000194e+00 9.437727648490679133e-01
