6.988050000000000095e-01 8.323830613925390365e-01
7.054350000000000342e-01 8.448111875802869486e-01
7.122249999999999970e-01 7.769228896979853971e-01
7.191800000000000415e-01 8.069187263136476940e-01
7.263169999999999904e-01 8.303549596155453960e-01
7.336439999999999628e-01 8.889323647432434417e-01
7.411480000000000290e-01 7.470216420931707901e-01
7.488550000000000484e-01 7.082660997084879728e-01
7.567639999999999922e-01 7.711379263406932250e-01
7.648749999999999716e-01 6.731907665872310931e-01
7.732109999999999816e-01 7.485035153346533132e-01
7.817619999999999569e-01 8.491375997741882342e-01
7.905440000000000245e-01 8.894703629497489050e-01
7.995679999999999454e-01 8.877998114551859388e-01
8.088269999999999627e-01 9.082960481915232087e-01
8.183420000000000138e-01 9.339790127030562772e-01
8.281209999999999960e-01 9.243311858752190080e-01
8.381629999999999914e-01 9.456349967292911884e-01
8.484770000000000367e-01 9.391218938415719641e-01
8.590719999999999468e-01 9.143992900062200002e-01
8.699550000000000338e-01 8.712481724920630999e-01
8.811350000000000016e-01 9.169795331662522475e-01
8.926159999999999650e-01 9.021558088849591650e-01
9.044060000000000432e-01 9.521041393335935021e-01
9.165079999999999893e-01 9.710124905212147439e-01
9.289260000000000295e-01 9.833531990889908814e-01
9.416799999999999615e-01 9.943644469000048058e-01
9.547579999999999956e-01 9.955617599732219380e-01
9.681659999999999711e-01 1.001670739991843417e+00
9.819160000000000110e-01 9.814915141912499141e-01
9.959980000000000500e-01 9.641479440675890800e-01
1.010421999999999931e+00 9.704798398726005582e-01
1.025187000000000070e+00 9.787252613332787510e-01
1.040286000000000044e+00 9.789469993773242118e-01
1.055719999999999992e+00 9.847987825333330836e-01
1.071490000000000054e+00 9.879487288829351677e-01
1.087587999999999999e+00 9.808147810566532065e-01
1.104006999999999961e+00 9.849111750220203021e-01
1.120740000000000069e+00 9.817221022985602730e-01
1.137777999999999956e+00 9.757306744202062232e-01
1.155116000000000032e+00 9.835457744981380701e-01
1.172739999999999894e+00 9.713773768455659097e-01
1.190638000000000085e+00 9.851588729287730217e-01
1.208795999999999982e+00 9.818794738718853443e-01
1.227203999999999962e+00 9.869845338661986656e-01
1.245846000000000009e+00 9.824230029126179708e-01
1.264704999999999968e+00 9.882303152433007387e-01
1.283770000000000078e+00 9.906513600287358834e-01
1.303020000000000067e+00 9.887092399478125682e-01
1.322446000000000010e+00 9.833309118192193887e-01
1.342024000000000106e+00 9.461641441125246965e-01
1.361742999999999926e+00 9.454638528608036996e-01
1.381585000000000063e+00 9.500400331554634814e-01
1.401534999999999975e+00 9.488566429659652801e-01
1.421578999999999926e+00 9.385924614257784571e-01
1.441699999999999982e+00 9.347414859836857826e-01
1.461883999999999961e+00 9.371860271382294050e-01
1.482118000000000047e+00 9.453460933847466219e-01
1.502388999999999974e+00 9.548505028525379190e-01
1.522683000000000009e+00 9.634209078021410688e-01
1.542990000000000084e+00 9.639707244652555573e-01
1.563298000000000076e+00 9.664614722464812679e-01
1.583596000000000004e+00 9.719566752775150587e-01
1.603874999999999940e+00 9.732633516554927144e-01
1.624125999999999959e+00 9.766414894141305370e-01
1.644339999999999913e+00 9.806872928566346959e-01
1.664509999999999934e+00 9.819338388226156455e-01
1.684628000000000014e+00 9.867932581347521603e-01
1.704688999999999899e+00 9.820279803609923697e-01
1.724685000000000024e+00 9.685464775497775181e-01
1.744612999999999969e+00 9.725680452161237222e-01
1.764467000000000008e+00 9.514519692157318298e-01
1.784242000000000106e+00 9.581047071124058068e-01
1.803935999999999984e+00 9.487491025379065634e-01
1.823541999999999996e+00 9.475614065598183533e-01
1.843061999999999978e+00 9.434877498865966716e-01
1.862489000000000061e+00 9.334190069906599385e-01
1.881822000000000106e+00 9.395900544824816736e-01
1.901059999999999972e+00 9.466648391146021968e-01
1.920201000000000047e+00 9.511165114702103685e-01
1.939241999999999910e+00 9.656792594248736483e-01
1.958183000000000007e+00 9.536849559532568632e-01
1.977022999999999975e+00 9.607405620960387527e-01
1.995762000000000036e+00 9.603257910060803981e-01
2.014396000000000075e+00 9.512375536095520889e-01
2.032928000000000068e+00 9.581752071696519879e-01
2.051358000000000015e+00 9.573418294096762704e-01
2.069682999999999939e+00 9.641904800819323107e-01
2.087905999999999818e+00 9.651916643421578623e-01
2.106025999999999954e+00 9.690594018366477380e-01
2.124042000000000208e+00 9.759816130704791481e-01
2.141954999999999831e+00 9.799814742531102185e-01
2.159766999999999992e+00 9.857782687483133133e-01
2.177477999999999803e+00 9.855121405331435103e-01
2.195085999999999871e+00 9.879285514383318034e-01
2.212593000000000032e+00 9.866080147055003025e-01
2.230001000000000122e+00 9.937994965499198363e-01
2.247310000000000141e+00 9.957926722045108425e-01
2.264520999999999784e+00 9.934694838361665115e-01
2.281633999999999940e+00 9.946536583754179706e-01
2.298649999999999860e+00 9.717401241176498727e-01
2.315570000000000128e+00 9.784058330272173976e-01
2.332393999999999856e+00 9.722186677092818918e-01
2.349124000000000212e+00 9.738483728480703538e-01
2.365762000000000143e+00 9.788764787703020387e-01
2.382305999999999813e+00 9.697271201001153029e-01
2.398759999999999781e+00 9.708908455044161778e-01
2.415122000000000213e+00 9.543727710806456654e-01
2.431395000000000195e+00 9.562071159920573216e-01
2.447579999999999867e+00 9.504910769984531438e-01
2.463677000000000117e+00 9.536659863361189871e-01
2.479687000000000197e+00 9.362442318113854967e-01
2.495610999999999802e+00 9.376202230264549797e-01
2.511448999999999820e+00 9.201488618255543317e-01
2.527204999999999924e+00 9.120814175590017392e-01
2.542876999999999832e+00 9.072378463817953875e-01
2.558467999999999964e+00 9.267848500523881983e-01
2.573977999999999877e+00 9.230035000696907854e-01
2.589407000000000014e+00 9.257012599450873402e-01
2.604757000000000211e+00 9.307107500709880243e-01
2.620028000000000024e+00 9.446098779194028738e-01
2.635222999999999871e+00 9.461359859380481518e-01
2.650341000000000058e+00 9.231951305067964686e-01
2.665382999999999836e+00 9.467413243134233936e-01
2.680349999999999788e+00 9.235620502843832069e-01
2.695244000000000195e+00 9.172395276650796569e-01
2.710064000000000028e+00 9.175426322166470028e-01
2.724810999999999872e+00 9.112028152599761510e-01
2.739488999999999841e+00 9.255131926217184946e-01
2.754094999999999960e+00 9.191934696457835230e-01
2.768629999999999924e+00 9.200651442288307891e-01
2.783097999999999850e+00 9.367918932485024275e-01
2.797496999999999900e+00 9.211009230012073834e-01
2.811828999999999912e+00 9.202782136874907426e-01
2.826095000000000024e+00 9.245078182177006720e-01
2.840292999999999957e+00 9.307847013542684955e-01
2.854427999999999965e+00 9.233734932403556694e-01
2.868497000000000074e+00 9.228144640349259520e-01
2.882503999999999955e+00 9.229888752839290333e-01
2.896446000000000076e+00 9.261098897878543568e-01
2.910327000000000108e+00 9.291328713290836205e-01
2.924147000000000052e+00 9.165435873699341318e-01
2.937905000000000211e+00 9.316523410003508809e-01
2.951604000000000116e+00 9.359253207429671928e-01
2.965241999999999933e+00 9.281736207595583377e-01
2.978822000000000081e+00 9.252650840110656638e-01
2.992344000000000115e+00 9.261559215489868491e-01
3.005808000000000035e+00 9.239580459029479442e-01
3.019216000000000122e+00 9.350765773732779840e-01
3.032566000000000095e+00 9.247549036802266142e-01
3.045860999999999930e+00 9.455916262110350967e-01
3.059101000000000070e+00 9.217395716936468419e-01
3.072286000000000072e+00 9.299226857261213564e-01
3.085418000000000216e+00 9.413396422435313937e-01
3.098495000000000221e+00 9.401315198204249768e-01
3.111520000000000064e+00 9.586301031370167980e-01
3.124493000000000187e+00 9.406727350705316182e-01
3.137413000000000007e+00 9.564411766201547094e-01
3.150282999999999944e+00 9.512298475576903556e-01
3.163101999999999858e+00 9.350125912275126794e-01
3.175870000000000193e+00 9.499111810650923138e-01
3.188590000000000035e+00 9.656068275827571767e-01
3.201259999999999994e+00 9.442381344100279073e-01
3.213881000000000210e+00 9.469417758999525425e-01
3.226453999999999933e+00 9.544554114349856899e-01
3.238980000000000192e+00 9.445850053633860766e-01
3.251457999999999959e+00 9.586213403140498857e-01
3.263888999999999818e+00 9.631424690534595712e-01
3.276273999999999909e+00 9.680603995479980517e-01
3.288613999999999926e+00 9.610034962697933114e-01
3.300907000000000036e+00 9.523634362859638713e-01
3.313156000000000212e+00 9.506217753145353999e-01
3.325359999999999872e+00 9.660254638406552408e-01
3.337521000000000182e+00 9.673824816533286297e-01
3.349638000000000115e+00 9.619090863328507712e-01
3.361711000000000116e+00 9.674865715345792871e-01
3.373740999999999879e+00 9.662796450067731024e-01
3.385728999999999989e+00 9.552203374393322122e-01
3.397676000000000140e+00 9.636493072735814458e-01
3.409581000000000195e+00 9.566299190119740281e-01
3.421443000000000012e+00 9.634551458898747978e-01
3.433265000000000011e+00 9.807291012960583920e-01
3.445047000000000192e+00 9.690709317599487393e-01
3.456789000000000112e+00 9.628237816058224929e-01
3.468490000000000073e+00 9.756223892212099180e-01
3.480153000000000052e+00 9.741400891103723092e-01
3.491776999999999909e+00 9.763539855787615185e-01
3.503360999999999947e+00 9.741789559582044733e-01
3.514907000000000004e+00 9.747438245644818311e-01
3.526415000000000077e+00 9.801458991258118481e-01
3.537885000000000169e+00 9.660066719533370039e-01
3.549317999999999973e+00 9.708508505161225211e-01
3.560715000000000074e+00 9.735054921738255373e-01
3.572074000000000193e+00 9.667862992401443645e-01
3.583397000000000165e+00 9.705272755005076579e-01
3.594683999999999990e+00 9.826023381416596481e-01
3.605935000000000112e+00 9.685035145623400732e-01
3.617150000000000087e+00 9.822130896455584237e-01
3.628331000000000195e+00 9.834706029511345315e-01
3.639476999999999851e+00 9.853177626408693435e-01
3.650586999999999804e+00 9.839612418249915615e-01
3.661664000000000030e+00 9.799655232951558492e-01
3.672706999999999944e+00 9.705459029428347151e-01
3.683715999999999990e+00 9.858550470311615577e-01
3.694691000000000169e+00 9.737478070460472424e-01
3.705633000000000177e+00 9.817071628616038659e-01
3.716542000000000012e+00 9.889608573769850253e-01
3.727418999999999816e+00 9.793821425842158535e-01
3.738262999999999892e+00 9.829068208979545584e-01
3.749074999999999935e+00 9.833832335728898144e-01
3.759856000000000087e+00 9.817573972403980109e-01
3.770604000000000067e+00 9.837853500593028988e-01
3.781321000000000154e+00 9.785039895944170896e-01
3.792008000000000045e+00 9.782839756598183945e-01
3.802662999999999904e+00 9.861464454950429337e-01
3.813288000000000011e+00 9.889422977797168723e-01
3.823881999999999781e+00 9.885989625077075127e-01
3.834445999999999799e+00 9.897420867367008324e-01
3.844980000000000064e+00 9.771363583562461264e-01
3.855484999999999829e+00 9.896680844482336203e-01
3.865959999999999841e+00 9.915917295025200584e-01
3.876405999999999796e+00 9.876533688041114756e-01
3.886821999999999999e+00 9.875291761206195229e-01
3.897209999999999841e+00 9.870704510315998492e-01
3.907569000000000070e+00 9.924401083688003666e-01
3.917899999999999938e+00 9.846275247550828613e-01
3.928202999999999889e+00 9.891733382140116548e-01
3.938477999999999923e+00 9.882282386533765006e-01
3.948726000000000180e+00 9.900134912776836771e-01
3.958944999999999936e+00 9.878828682312877918e-01
3.969136000000000220e+00 9.853527372988549748e-01
3.979300999999999977e+00 9.858510244693045044e-01
3.989438999999999957e+00 9.883774032249850183e-01
3.999550000000000161e+00 9.830678737268442324e-01
4.009635000000000282e+00 9.804987578687619498e-01
4.019694000000000322e+00 9.901459406829081766e-01
4.029725000000000001e+00 9.832378278528252080e-01
4.039730999999999739e+00 9.860411548314738095e-01
4.049711000000000283e+00 9.798353262717957035e-01
4.059664999999999857e+00 9.890138689339470490e-01
4.069594999999999629e+00 9.834866421533920988e-01
4.079498000000000069e+00 9.690519148472025446e-01
4.089375999999999678e+00 9.694260413653390529e-01
4.099230000000000373e+00 9.816464091543710691e-01
4.109059000000000239e+00 9.758470898365656510e-01
4.118863000000000163e+00 9.762532006282061969e-01
4.128642000000000145e+00 9.819071815339458498e-01
4.138397999999999577e+00 9.730539478881314874e-01
4.148128999999999955e+00 9.770202636386774442e-01
4.157835999999999643e+00 9.853321832748169751e-01
4.167519999999999669e+00 9.697846659132424163e-01
4.177178999999999753e+00 9.785177240438187596e-01
4.186816000000000315e+00 9.746050478552062968e-01
4.196429000000000187e+00 9.797451947114373949e-01
4.206018000000000256e+00 9.697303836700987834e-01
4.215584999999999916e+00 9.690071558636117466e-01
4.225128999999999913e+00 9.830395044008829464e-01
4.234651000000000387e+00 9.727643442442170940e-01
4.244149000000000171e+00 9.766983511282401054e-01
4.253624000000000294e+00 9.636196669695441530e-01
4.263079000000000285e+00 9.630914730385645717e-01
4.272509999999999586e+00 9.692241660935080327e-01
4.281919000000000253e+00 9.736374574124389003e-01
4.291306999999999761e+00 9.766435945346358949e-01
4.300672999999999746e+00 9.608263302562367603e-01
4.310017000000000209e+00 9.650653904255195314e-01
4.319340000000000401e+00 9.564193950013416545e-01
4.328642000000000323e+00 9.663852311304929055e-01
4.337921999999999834e+00 9.478598713347479165e-01
4.347180999999999962e+00 9.689974353267560847e-01
4.356419999999999959e+00 9.617068746506185484e-01
4.365637000000000434e+00 9.635770161901359154e-01
4.374832999999999750e+00 9.507382771371928332e-01
4.384008999999999823e+00 9.522910141602132228e-01
4.393164999999999765e+00 9.503548481696671990e-01
4.402300000000000324e+00 9.492780696446637689e-01
4.411414999999999864e+00 9.564624798843406328e-01
4.420510000000000161e+00 9.497870918850537247e-01
4.429585000000000328e+00 9.527660306592506956e-01
4.438640999999999615e+00 9.415658153553945198e-01
4.447676000000000407e+00 9.457918199536805570e-01
4.456692000000000320e+00 9.453033411222815374e-01
4.465689000000000242e+00 9.473718254108129955e-01
4.474664999999999893e+00 9.498474055171797215e-01
4.483622999999999692e+00 9.502072497343979629e-01
4.492562000000000388e+00 9.430985260410759130e-01
4.501481000000000066e+00 9.473734333811398844e-01
4.510381999999999891e+00 9.442874649577578383e-01
4.519262999999999586e+00 9.441246093994480892e-01
4.528126000000000317e+00 9.372465558880929137e-01
4.536971000000000309e+00 9.319636624575703410e-01
4.545796000000000170e+00 9.500653454237610873e-01
4.554604000000000319e+00 9.432018745711742147e-01
4.563392999999999589e+00 9.326354681581374706e-01
4.572162999999999755e+00 9.303026230004656227e-01
4.580917000000000350e+00 9.404532018013758154e-01
4.589650999999999925e+00 9.528235932469794056e-01
4.598367999999999789e+00 9.358534520667012302e-01
4.607066999999999801e+00 9.421012976356664126e-01
4.615747999999999962e+00 9.310925443092238352e-01
4.624412000000000411e+00 9.464068476782724337e-01
4.633058000000000121e+00 9.493203767323907805e-01
4.641687000000000118e+00 9.398822581378615260e-01
4.650298000000000265e+00 9.529926574721498955e-01
4.658892999999999951e+00 9.456862278244182463e-01
4.667468999999999646e+00 9.580860877603284420e-01
4.676028999999999769e+00 9.527518012217816024e-01
4.684573000000000320e+00 9.539985529217452909e-01
4.693099000000000132e+00 9.546059313847529149e-01
4.701609000000000371e+00 9.563482999528150064e-01
4.710100999999999871e+00 9.495028420118062362e-01
4.718577999999999939e+00 9.467367074013500750e-01
4.727036000000000016e+00 9.554874214899068408e-01
4.735479999999999912e+00 9.621976707425803355e-01
4.743905999999999956e+00 9.557422162703317348e-01
4.752316999999999680e+00 9.448018682558626535e-01
4.760710999999999693e+00 9.572058755697947507e-01
4.769089000000000134e+00 9.486454794297111137e-01
4.777451000000000114e+00 9.311989562106879337e-01
4.785797999999999774e+00 9.476265350559025524e-01
4.794127999999999723e+00 9.588737548538733835e-01
4.802443000000000239e+00 9.556447616002715639e-01
4.810742000000000296e+00 9.498056906157036350e-01
4.819026000000000032e+00 9.426153207136502843e-01
4.827293000000000056e+00 9.596268564791278211e-01
4.835545999999999900e+00 9.569237859755175268e-01
4.843783000000000172e+00 9.386906769446433652e-01
4.852005000000000123e+00 9.514682096500516328e-01
4.860210999999999615e+00 9.693118989250615325e-01
4.868402999999999814e+00 9.636178700853326173e-01
4.876579000000000441e+00 9.528031781364790787e-01
4.884741000000000000e+00 9.469012587494692879e-01
4.892886999999999986e+00 9.602471109891028700e-01
4.901018999999999792e+00 9.605705472453781590e-01
4.909135000000000026e+00 9.418353745926411058e-01
4.917238000000000220e+00 9.470249940761923391e-01
4.925323999999999813e+00 9.358999835704060466e-01
4.933398000000000394e+00 9.352040423208768383e-01
4.941455999999999626e+00 9.536685384388072784e-01
4.949500999999999706e+00 9.579031507036606108e-01
4.957529000000000075e+00 9.431677633127130145e-01
4.965544999999999654e+00 9.374134608537783020e-01
4.973545999999999800e+00 9.618019500175847281e-01
4.981532999999999767e+00 9.546459612436535291e-01
4.989506000000000441e+00 9.368779881690438849e-01
4.997465000000000046e+00 9.517548013918946115e-01
5.005409000000000219e+00 9.500710163028428523e-01
5.013340000000000352e+00 9.503484691455660327e-01
5.021258000000000443e+00 9.444167211759324498e-01
5.029161000000000215e+00 9.368096349830525860e-01
5.037050999999999945e+00 9.479156370406260912e-01
5.044926000000000244e+00 9.208090369136491260e-01
5.052788999999999753e+00 9.546718522183553768e-01
5.060637999999999970e+00 9.558808629838642101e-01
5.068473000000000006e+00 9.449126623650723200e-01
5.076296000000000141e+00 9.487080883230250006e-01
5.084103999999999957e+00 9.296948953652869330e-01
5.091899999999999871e+00 9.537464461622323642e-01
5.099681999999999604e+00 9.600388796761019083e-01
5.107451000000000185e+00 9.585164444983507170e-01
5.115206999999999837e+00 9.521847718558584805e-01
5.122949000000000197e+00 9.540852582257420833e-01
5.130679999999999907e+00 9.542237815292575753e-01
5.138397000000000325e+00 9.481005808710156746e-01
5.146100999999999814e+00 9.197155026924634935e-01
5.153793000000000291e+00 9.531665587550784968e-01
5.161470999999999698e+00 9.515010543638444673e-01
5.169137000000000093e+00 9.279749617684875940e-01
5.176789999999999559e+00 9.498745217614356084e-01
5.184431000000000012e+00 9.271385332217744191e-01
5.192059999999999675e+00 9.582042908284522653e-01
5.199675000000000047e+00 9.226830681596512873e-01
5.207278999999999769e+00 9.489118543936297945e-01
5.214869000000000199e+00 9.412994885877358220e-01
5.222447999999999979e+00 9.527078712266429106e-01
5.230014999999999858e+00 9.302664791632531127e-01
5.237567999999999557e+00 9.443033087944271431e-01
5.245110999999999635e+00 9.037140227501464507e-01
5.252640999999999671e+00 9.394243902898021803e-01
5.260157999999999667e+00 9.510882852201638649e-01
5.267663999999999902e+00 9.295489264357292836e-01
5.275158000000000236e+00 9.562713609128361547e-01
5.282639999999999780e+00 9.102392705778434845e-01
5.290110999999999564e+00 9.357347548806592696e-01
5.297569000000000194e+00 9.738281278754473691e-01
