6.988050000000000095e-01 9.696894858661858629e-01
7.054350000000000342e-01 9.721409628448249851e-01
7.122249999999999970e-01 9.581887609050026011e-01
7.191800000000000415e-01 9.646725744530373348e-01
7.263169999999999904e-01 9.693433195508717182e-01
7.336439999999999628e-01 9.803557679828491800e-01
7.411480000000000290e-01 9.507327463493491226e-01
7.488550000000000484e-01 9.410192528037460979e-01
7.567639999999999922e-01 9.563794746451740325e-01
7.648749999999999716e-01 9.315349939703813087e-01
7.732109999999999816e-01 9.512257250477235138e-01
7.817619999999999569e-01 9.729761211975521684e-01
7.905440000000000245e-01 9.804923631513630111e-01
7.995679999999999454e-01 9.801407040476531884e-01
8.088269999999999627e-01 9.838237778360355845e-01
8.183420000000000138e-01 9.883188441659117585e-01
8.281209999999999960e-01 9.867469704139767428e-01
8.381629999999999914e-01 9.903153471016188369e-01
8.484770000000000367e-01 9.892281338388178025e-01
8.590719999999999468e-01 9.849250867091585704e-01
8.699550000000000338e-01 9.771326070455927937e-01
8.811350000000000016e-01 9.854204932442846010e-01
8.926159999999999650e-01 9.829731318523069472e-01
9.044060000000000432e-01 9.914787676701238839e-01
9.165079999999999893e-01 9.945650797221675665e-01
9.289260000000000295e-01 9.963460804659268755e-01
9.416799999999999615e-01 9.980680223641638094e-01
9.547579999999999956e-01 9.983450927509945894e-01
9.681659999999999711e-01 9.992952389544028646e-01
9.819160000000000110e-01 9.962760906682696094e-01
9.959980000000000500e-01 9.934039711250669535e-01
1.010421999999999931e+00 9.944417611729838846e-01
1.025187000000000070e+00 9.957458352636640031e-01
1.040286000000000044e+00 9.958549444143259821e-01
1.055719999999999992e+00 9.967853914466102694e-01
1.071490000000000054e+00 9.973227606712223858e-01
1.087587999999999999e+00 9.963057692929399023e-01
1.104006999999999961e+00 9.969001237312852259e-01
1.120740000000000069e+00 9.964354711567803280e-01
1.137777999999999956e+00 9.954936571616046503e-01
1.155116000000000032e+00 9.967700812842901215e-01
1.172739999999999894e+00 9.947662345998712352e-01
1.190638000000000085e+00 9.969949725784454930e-01
1.208795999999999982e+00 9.965375329510640645e-01
1.227203999999999962e+00 9.973689190402000859e-01
1.245846000000000009e+00 9.966012332650598937e-01
1.264704999999999968e+00 9.975854214396551178e-01
1.283770000000000078e+00 9.979624873287474829e-01
1.303020000000000067e+00 9.976869600427642482e-01
1.322446000000000010e+00 9.968340347827322478e-01
1.342024000000000106e+00 9.906780796675024314e-01
1.361742999999999926e+00 9.905213784395731080e-01
1.381585000000000063e+00 9.913130977943723776e-01
1.401534999999999975e+00 9.910821953750252877e-01
1.421578999999999926e+00 9.893972040604235296e-01
1.441699999999999982e+00 9.887769874089987754e-01
1.461883999999999961e+00 9.892331219579517665e-01
1.482118000000000047e+00 9.905989871311190464e-01
1.502388999999999974e+00 9.921676553269730414e-01
1.522683000000000009e+00 9.935729530310665192e-01
1.542990000000000084e+00 9.937141733823344758e-01
1.563298000000000076e+00 9.941509121554145123e-01
1.583596000000000004e+00 9.950541543033566416e-01
1.603874999999999940e+00 9.952934968737474630e-01
1.624125999999999959e+00 9.958481166036046162e-01
1.644339999999999913e+00 9.964872303709509938e-01
1.664509999999999934e+00 9.966826051813264531e-01
1.684628000000000014e+00 9.974319056119129723e-01
1.704688999999999899e+00 9.966640613241203317e-01
1.724685000000000024e+00 9.945092350065585229e-01
1.744612999999999969e+00 9.950695556376424333e-01
1.764467000000000008e+00 9.916799266223570442e-01
1.784242000000000106e+00 9.926908189824290574e-01
1.803935999999999984e+00 9.911740687128155480e-01
1.823541999999999996e+00 9.909937808245846691e-01
1.843061999999999978e+00 9.903207452361443286e-01
1.862489000000000061e+00 9.886397360768415243e-01
1.881822000000000106e+00 9.896983695267147496e-01
1.901059999999999972e+00 9.908850907192289226e-01
1.920201000000000047e+00 9.916095402331556175e-01
1.939241999999999910e+00 9.939199375494691679e-01
1.958183000000000007e+00 9.920069595719883671e-01
1.977022999999999975e+00 9.931380299933318945e-01
1.995762000000000036e+00 9.930743452635024671e-01
2.014396000000000075e+00 9.916371099860693539e-01
2.032928000000000068e+00 9.927779212545772003e-01
2.051358000000000015e+00 9.926794718966412967e-01
2.069682999999999939e+00 9.937914709499742205e-01
2.087905999999999818e+00 9.939823119043007527e-01
2.106025999999999954e+00 9.946158901373510774e-01
2.124042000000000208e+00 9.957088661036144206e-01
2.141954999999999831e+00 9.963390942640432124e-01
2.159766999999999992e+00 9.972286968775551097e-01
2.177477999999999803e+00 9.971874345782251181e-01
2.195085999999999871e+00 9.975495527928641692e-01
2.212593000000000032e+00 9.973530404426597107e-01
2.230001000000000122e+00 9.984203354597828151e-01
2.247310000000000141e+00 9.987067189089994246e-01
2.264520999999999784e+00 9.983503943747097376e-01
2.281633999999999940e+00 9.985289907810964705e-01
2.298649999999999860e+00 9.949611926841039899e-01
2.315570000000000128e+00 9.959898226779330122e-01
2.332393999999999856e+00 9.950342857591443213e-01
2.349124000000000212e+00 9.952937540411708195e-01
2.365762000000000143e+00 9.960544235041477457e-01
2.382305999999999813e+00 9.946564749082789092e-01
2.398759999999999781e+00 9.948406425277332987e-01
2.415122000000000213e+00 9.922171126783990713e-01
2.431395000000000195e+00 9.924994036174552559e-01
2.447579999999999867e+00 9.915776495536592350e-01
2.463677000000000117e+00 9.920923500866040134e-01
2.479687000000000197e+00 9.892542970918388745e-01
2.495610999999999802e+00 9.894741077534887630e-01
2.511448999999999820e+00 9.865352522714273542e-01
2.527204999999999924e+00 9.851573343591308873e-01
2.542876999999999832e+00 9.843128097939460863e-01
2.558467999999999964e+00 9.876601750911079280e-01
2.573977999999999877e+00 9.870346857260859919e-01
2.589407000000000014e+00 9.874861981504330366e-01
2.604757000000000211e+00 9.883327967015341775e-01
2.620028000000000024e+00 9.906427816405284359e-01
2.635222999999999871e+00 9.908974751805988967e-01
2.650341000000000058e+00 9.870927602168660941e-01
2.665382999999999836e+00 9.909839870618244451e-01
2.680349999999999788e+00 9.871071010509375743e-01
2.695244000000000195e+00 9.860375830550215381e-01
2.710064000000000028e+00 9.861052864173547317e-01
2.724810999999999872e+00 9.850439290034426199e-01
2.739488999999999841e+00 9.874873483385696593e-01
2.754094999999999960e+00 9.864268128536989311e-01
2.768629999999999924e+00 9.865732321535255478e-01
2.783097999999999850e+00 9.893761199934699713e-01
2.797496999999999900e+00 9.867711804859948810e-01
2.811828999999999912e+00 9.866326831063687575e-01
2.826095000000000024e+00 9.873466582692896898e-01
2.840292999999999957e+00 9.884063669736206093e-01
2.854427999999999965e+00 9.871544390327252616e-01
2.868497000000000074e+00 9.870703197471122348e-01
2.882503999999999955e+00 9.871060635294814922e-01
2.896446000000000076e+00 9.876356647593549365e-01
2.910327000000000108e+00 9.881562716336167451e-01
2.924147000000000052e+00 9.860247499237166924e-01
2.937905000000000211e+00 9.885889156385504473e-01
2.951604000000000116e+00 9.892930954306737856e-01
2.965241999999999933e+00 9.880214244372413912e-01
2.978822000000000081e+00 9.875194534043886252e-01
2.992344000000000115e+00 9.876812796119711635e-01
3.005808000000000035e+00 9.873244924645471210e-01
3.019216000000000122e+00 9.891811093189953885e-01
3.032566000000000095e+00 9.874624494511787809e-01
3.045860999999999930e+00 9.909115334285323318e-01
3.059101000000000070e+00 9.869673820326805291e-01
3.072286000000000072e+00 9.883533764940896083e-01
3.085418000000000216e+00 9.902375781236565366e-01
3.098495000000000221e+00 9.900491848025396724e-01
3.111520000000000064e+00 9.930277842389002574e-01
3.124493000000000187e+00 9.901462756153038836e-01
3.137413000000000007e+00 9.926928423408648561e-01
3.150282999999999944e+00 9.918629523253683633e-01
3.163101999999999858e+00 9.892206599099825359e-01
3.175870000000000193e+00 9.916588891956126250e-01
3.188590000000000035e+00 9.941710225873983120e-01
3.201259999999999994e+00 9.907413402910190126e-01
3.213881000000000210e+00 9.911942395789208327e-01
3.226453999999999933e+00 9.924085437218838068e-01
3.238980000000000192e+00 9.908129854447902396e-01
3.251457999999999959e+00 9.930797695279157677e-01
3.263888999999999818e+00 9.937995924427216465e-01
3.276273999999999909e+00 9.945622669576312802e-01
3.288613999999999926e+00 9.934723054777798712e-01
3.300907000000000036e+00 9.920851450073900901e-01
3.313156000000000212e+00 9.918097126019873588e-01
3.325359999999999872e+00 9.942723077536655962e-01
3.337521000000000182e+00 9.944814964237354005e-01
3.349638000000000115e+00 9.936216037835987613e-01
3.361711000000000116e+00 9.944957889792298555e-01
3.373740999999999879e+00 9.943048681290849178e-01
3.385728999999999989e+00 9.925693066908650719e-01
3.397676000000000140e+00 9.939081697118904435e-01
3.409581000000000195e+00 9.927890116464679338e-01
3.421443000000000012e+00 9.938660881165410910e-01
3.433265000000000011e+00 9.965562850126966632e-01
3.445047000000000192e+00 9.947585953102872081e-01
3.456789000000000112e+00 9.937873688616662982e-01
3.468490000000000073e+00 9.957943042632556585e-01
3.480153000000000052e+00 9.955494008321872368e-01
3.491776999999999909e+00 9.958903637795950559e-01
3.503360999999999947e+00 9.955753731856747946e-01
3.514907000000000004e+00 9.956525812188596891e-01
3.526415000000000077e+00 9.964971087004219630e-01
3.537885000000000169e+00 9.943043190967043587e-01
3.549317999999999973e+00 9.950529671770894646e-01
3.560715000000000074e+00 9.954780603270468875e-01
3.572074000000000193e+00 9.944292149242578427e-01
3.583397000000000165e+00 9.950251958312010814e-01
3.594683999999999990e+00 9.968927268192561142e-01
3.605935000000000112e+00 9.947113618012798364e-01
3.617150000000000087e+00 9.968241079302323504e-01
3.628331000000000195e+00 9.970310922980296642e-01
3.639476999999999851e+00 9.973083664536068760e-01
3.650586999999999804e+00 9.971099555888141008e-01
3.661664000000000030e+00 9.964991982994440001e-01
3.672706999999999944e+00 9.950472899827138562e-01
3.683715999999999990e+00 9.974165269957588897e-01
3.694691000000000169e+00 9.955483544993238842e-01
3.705633000000000177e+00 9.967866274602438237e-01
3.716542000000000012e+00 9.978989802489447447e-01
3.727418999999999816e+00 9.964495948245423174e-01
3.738262999999999892e+00 9.969623377522011110e-01
3.749074999999999935e+00 9.970582523759783378e-01
3.759856000000000087e+00 9.968178768536249956e-01
3.770604000000000067e+00 9.971228380142899139e-01
3.781321000000000154e+00 9.963357330910442844e-01
3.792008000000000045e+00 9.962906914912678102e-01
3.802662999999999904e+00 9.974998571204581888e-01
3.813288000000000011e+00 9.979112611374902908e-01
3.823881999999999781e+00 9.978614895357544867e-01
3.834445999999999799e+00 9.980391013025782243e-01
3.844980000000000064e+00 9.961189800390063409e-01
3.855484999999999829e+00 9.980449638570636495e-01
3.865959999999999841e+00 9.983308114558003821e-01
3.876405999999999796e+00 9.977270791254453375e-01
3.886821999999999999e+00 9.977092200456704196e-01
3.897209999999999841e+00 9.976482299206421711e-01
3.907569000000000070e+00 9.984553429880298481e-01
3.917899999999999938e+00 9.972846226622291699e-01
3.928202999999999889e+00 9.979597342950559113e-01
3.938477999999999923e+00 9.978334628682089535e-01
3.948726000000000180e+00 9.980878091068090541e-01
3.958944999999999936e+00 9.977721936407479841e-01
3.969136000000000220e+00 9.973763487367199865e-01
3.979300999999999977e+00 9.974473116818186602e-01
3.989438999999999957e+00 9.978469898754361855e-01
3.999550000000000161e+00 9.970156091943237486e-01
4.009635000000000282e+00 9.966441694011687336e-01
4.019694000000000322e+00 9.980879776836074635e-01
4.029725000000000001e+00 9.970242792645920282e-01
4.039730999999999739e+00 9.974772337513582166e-01
4.049711000000000283e+00 9.965285868503906963e-01
4.059664999999999857e+00 9.978910355206999094e-01
4.069594999999999629e+00 9.970773394996783612e-01
4.079498000000000069e+00 9.948127860730435756e-01
4.089375999999999678e+00 9.948814807146264538e-01
4.099230000000000373e+00 9.967456893133730400e-01
4.109059000000000239e+00 9.958755118301618747e-01
4.118863000000000163e+00 9.959259840840527511e-01
4.128642000000000145e+00 9.967715493477181665e-01
4.138397999999999577e+00 9.954307655402935273e-01
4.148128999999999955e+00 9.960385770578602527e-01
4.157835999999999643e+00 9.972883532464970058e-01
4.167519999999999669e+00 9.948920307983946110e-01
4.177178999999999753e+00 9.962620964274188085e-01
4.186816000000000315e+00 9.956240374273671589e-01
4.196429000000000187e+00 9.964363012926982233e-01
4.206018000000000256e+00 9.948775740381057275e-01
4.215584999999999916e+00 9.947348396344734001e-01
4.225128999999999913e+00 9.969018222663404982e-01
4.234651000000000387e+00 9.953414032506234799e-01
4.244149000000000171e+00 9.959092806757884331e-01
4.253624000000000294e+00 9.938768448624433205e-01
4.263079000000000285e+00 9.938234214131944633e-01
4.272509999999999586e+00 9.947781906671722130e-01
4.281919000000000253e+00 9.954556126450092579e-01
4.291306999999999761e+00 9.959250116866820157e-01
4.300672999999999746e+00 9.934717688002790981e-01
4.310017000000000209e+00 9.941143464204079683e-01
4.319340000000000401e+00 9.927485251342211825e-01
4.328642000000000323e+00 9.943226640878357614e-01
4.337921999999999834e+00 9.913585749518506463e-01
4.347180999999999962e+00 9.947041161926527542e-01
4.356419999999999959e+00 9.935814680149644973e-01
4.365637000000000434e+00 9.938576108937692277e-01
4.374832999999999750e+00 9.918180592251094607e-01
4.384008999999999823e+00 9.920732103136225000e-01
4.393164999999999765e+00 9.917384378871433315e-01
4.402300000000000324e+00 9.915727892432694146e-01
4.411414999999999864e+00 9.927310291246437268e-01
4.420510000000000161e+00 9.916574624619159950e-01
4.429585000000000328e+00 9.921364269607636510e-01
4.438640999999999615e+00 9.903263405630631233e-01
4.447676000000000407e+00 9.910035241560752883e-01
4.456692000000000320e+00 9.909333289193139604e-01
4.465689000000000242e+00 9.912691295848254924e-01
4.474664999999999893e+00 9.916596278273989151e-01
4.483622999999999692e+00 9.917204202871868768e-01
4.492562000000000388e+00 9.905776480220007674e-01
4.501481000000000066e+00 9.912765753422299042e-01
4.510381999999999891e+00 9.907677177949740788e-01
4.519262999999999586e+00 9.907395930816117469e-01
4.528126000000000317e+00 9.896116312736287224e-01
4.536971000000000309e+00 9.887421984023617716e-01
4.545796000000000170e+00 9.917111107576607187e-01
4.554604000000000319e+00 9.905878237632513850e-01
4.563392999999999589e+00 9.888492770726626802e-01
4.572162999999999755e+00 9.884588991201096464e-01
4.580917000000000350e+00 9.901465497675542293e-01
4.589650999999999925e+00 9.921455739267924789e-01
4.598367999999999789e+00 9.893970348206061471e-01
4.607066999999999801e+00 9.904046252535173567e-01
4.615747999999999962e+00 9.885973716808980072e-01
4.624412000000000411e+00 9.911165300007145351e-01
4.633058000000000121e+00 9.915946594880963305e-01
4.641687000000000118e+00 9.900450944238422535e-01
4.650298000000000265e+00 9.921864669261754033e-01
4.658892999999999951e+00 9.910115017017218086e-01
4.667468999999999646e+00 9.930161690475385328e-01
4.676028999999999769e+00 9.921576261779848638e-01
4.684573000000000320e+00 9.923561887881797716e-01
4.693099000000000132e+00 9.924518064185445798e-01
4.701609000000000371e+00 9.927350778137353782e-01
4.710100999999999871e+00 9.916192672044794598e-01
4.718577999999999939e+00 9.911729833360264363e-01
4.727036000000000016e+00 9.925717019815968323e-01
4.735479999999999912e+00 9.936572060118636918e-01
4.743905999999999956e+00 9.926113789906330087e-01
4.752316999999999680e+00 9.908650745014371264e-01
4.760710999999999693e+00 9.928648245285699447e-01
4.769089000000000134e+00 9.915028146248143770e-01
4.777451000000000114e+00 9.886491522145230970e-01
4.785797999999999774e+00 9.913127146264176792e-01
4.794127999999999723e+00 9.931201643729434814e-01
4.802443000000000239e+00 9.926070711111258937e-01
4.810742000000000296e+00 9.916887579845045098e-01
4.819026000000000032e+00 9.905141576246885293e-01
4.827293000000000056e+00 9.932452918768434058e-01
4.835545999999999900e+00 9.928187261121242946e-01
4.843783000000000172e+00 9.898621707565011807e-01
4.852005000000000123e+00 9.919502564918059040e-01
4.860210999999999615e+00 9.947779897716634290e-01
4.868402999999999814e+00 9.938870332159250864e-01
4.876579000000000441e+00 9.921666801473956188e-01
4.884741000000000000e+00 9.912084596747990917e-01
4.892886999999999986e+00 9.933710375507259771e-01
4.901018999999999792e+00 9.934012657640726163e-01
4.909135000000000026e+00 9.904050359984958307e-01
4.917238000000000220e+00 9.912333803147566069e-01
4.925323999999999813e+00 9.894205342438812112e-01
4.933398000000000394e+00 9.893243724733675748e-01
4.941455999999999626e+00 9.923015053923781581e-01
4.949500999999999706e+00 9.930042332261236337e-01
4.957529000000000075e+00 9.906240821023315490e-01
4.965544999999999654e+00 9.896790676709680268e-01
4.973545999999999800e+00 9.936192027147472405e-01
4.981532999999999767e+00 9.924821766578695303e-01
4.989506000000000441e+00 9.895851699217728115e-01
4.997465000000000046e+00 9.920323958472291315e-01
5.005409000000000219e+00 9.917480642097540322e-01
5.013340000000000352e+00 9.917995504357368652e-01
5.021258000000000443e+00 9.908560565904697137e-01
5.029161000000000215e+00 9.895944272586739698e-01
5.037050999999999945e+00 9.914146787971256369e-01
5.044926000000000244e+00 9.869330788186458925e-01
5.052788999999999753e+00 9.924948536019480017e-01
5.060637999999999970e+00 9.926902576462126593e-01
5.068473000000000006e+00 9.909276640666502267e-01
5.076296000000000141e+00 9.915490584028296972e-01
5.084103999999999957e+00 9.884105737958658322e-01
5.091899999999999871e+00 9.923711561956450877e-01
5.099681999999999604e+00 9.933708182559833899e-01
5.107451000000000185e+00 9.931186868449126681e-01
5.115206999999999837e+00 9.921116139527385025e-01
5.122949000000000197e+00 9.924227072775601011e-01
5.130679999999999907e+00 9.924382421223264528e-01
5.138397000000000325e+00 9.914500340960380464e-01
5.146100999999999814e+00 9.867380102312822698e-01
5.153793000000000291e+00 9.922668473685495316e-01
5.161470999999999698e+00 9.920158343656141353e-01
5.169137000000000093e+00 9.881506992336706041e-01
5.176789999999999559e+00 9.917487012940607860e-01
5.184431000000000012e+00 9.880066022591497132e-01
5.192059999999999675e+00 9.930882370800073744e-01
5.199675000000000047e+00 9.872600667857210910e-01
5.207278999999999769e+00 9.915643667370224179e-01
5.214869000000000199e+00 9.903448153180937075e-01
5.222447999999999979e+00 9.921908566433783605e-01
5.230014999999999858e+00 9.885321097034500681e-01
5.237567999999999557e+00 9.908370107838599949e-01
5.245110999999999635e+00 9.839991058922079592e-01
5.252640999999999671e+00 9.900655693043670658e-01
5.260157999999999667e+00 9.919407814114217237e-01
5.267663999999999902e+00 9.884144365732928650e-01
5.275158000000000236e+00 9.927569808916272276e-01
5.282639999999999780e+00 9.851342250933337041e-01
5.290110999999999564e+00 9.894222339188667448e-01
5.297569000000000194e+00 9.955494683917235355e-01
