6.988050000000000095e-01 7.966546492360659926e-01
7.054350000000000342e-01 8.075938021263241451e-01
7.122249999999999970e-01 7.526515778292759418e-01
7.191800000000000415e-01 7.790700120838198739e-01
7.263169999999999904e-01 7.963861884316526529e-01
7.336439999999999628e-01 8.455342362376833121e-01
7.411480000000000290e-01 7.137654554558896525e-01
7.488550000000000484e-01 6.782070805197673025e-01
7.567639999999999922e-01 7.359164839484377829e-01
7.648749999999999716e-01 6.472258301798470281e-01
7.732109999999999816e-01 7.180780535962361100e-01
7.817619999999999569e-01 8.112844488723329750e-01
7.905440000000000245e-01 8.471398532873676279e-01
7.995679999999999454e-01 8.442072850026427489e-01
8.088269999999999627e-01 8.642393279038843579e-01
8.183420000000000138e-01 8.915816750720693129e-01
8.281209999999999960e-01 8.840781332693794514e-01
8.381629999999999914e-01 9.048105534418983131e-01
8.484770000000000367e-01 8.981355676567350788e-01
8.590719999999999468e-01 8.711345581414189354e-01
8.699550000000000338e-01 8.299893041667955051e-01
8.811350000000000016e-01 8.750518499733923594e-01
8.926159999999999650e-01 8.651516664369454102e-01
9.044060000000000432e-01 9.145226608902756738e-01
9.165079999999999893e-01 9.352442171587203035e-01
9.289260000000000295e-01 9.427264595933478875e-01
9.416799999999999615e-01 9.550189403410707101e-01
9.547579999999999956e-01 9.595526761252893833e-01
9.681659999999999711e-01 9.668081790672384823e-01
9.819160000000000110e-01 9.482759302659466982e-01
9.959980000000000500e-01 9.259830501753528731e-01
1.010421999999999931e+00 9.333996447111841954e-01
1.025187000000000070e+00 9.420601282848467539e-01
1.040286000000000044e+00 9.448145517408053085e-01
1.055719999999999992e+00 9.515661263170887008e-01
1.071490000000000054e+00 9.566089446113095196e-01
1.087587999999999999e+00 9.522164064361238189e-01
1.104006999999999961e+00 9.550480396777895065e-01
1.120740000000000069e+00 9.527643505718574879e-01
1.137777999999999956e+00 9.463467264785909716e-01
1.155116000000000032e+00 9.564519163688922632e-01
1.172739999999999894e+00 9.404387006047592035e-01
1.190638000000000085e+00 9.572723708318366942e-01
1.208795999999999982e+00 9.556179671151258104e-01
1.227203999999999962e+00 9.624115231045874408e-01
1.245846000000000009e+00 9.554650703498746012e-01
1.264704999999999968e+00 9.645930421172242974e-01
1.283770000000000078e+00 9.673372201116510194e-01
1.303020000000000067e+00 9.660855584082166381e-01
1.322446000000000010e+00 9.596229533986766480e-01
1.342024000000000106e+00 9.141197760359851543e-01
1.361742999999999926e+00 9.120893717414580992e-01
1.381585000000000063e+00 9.179860699051439754e-01
1.401534999999999975e+00 9.155947352101726500e-01
1.421578999999999926e+00 9.056945111396639270e-01
1.441699999999999982e+00 9.026098979071485173e-01
1.461883999999999961e+00 9.065302146225184821e-01
1.482118000000000047e+00 9.150906291582601160e-01
1.502388999999999974e+00 9.251620401900102486e-01
1.522683000000000009e+00 9.347004914066829873e-01
1.542990000000000084e+00 9.370507287689625597e-01
1.563298000000000076e+00 9.409415059606976994e-01
1.583596000000000004e+00 9.477227010588658018e-01
1.603874999999999940e+00 9.502272183564682839e-01
1.624125999999999959e+00 9.545842408035317694e-01
1.644339999999999913e+00 9.590828223720089252e-01
1.664509999999999934e+00 9.604472818168028336e-01
1.684628000000000014e+00 9.654747844506327281e-01
1.704688999999999899e+00 9.593832666452343227e-01
1.724685000000000024e+00 9.440089970108513917e-01
1.744612999999999969e+00 9.455835062147167625e-01
1.764467000000000008e+00 9.238545740437809073e-01
1.784242000000000106e+00 9.283534402592642509e-01
1.803935999999999984e+00 9.190319133654515360e-01
1.823541999999999996e+00 9.183054064150752982e-01
1.843061999999999978e+00 9.141395795725772988e-01
1.862489000000000061e+00 9.039684709110680227e-01
1.881822000000000106e+00 9.109934446224138282e-01
1.901059999999999972e+00 9.186544084083053674e-01
1.920201000000000047e+00 9.230014880953492096e-01
1.939241999999999910e+00 9.365524252619324974e-01
1.958183000000000007e+00 9.249191419045030838e-01
1.977022999999999975e+00 9.317914627203688349e-01
1.995762000000000036e+00 9.314678427687703710e-01
2.014396000000000075e+00 9.233802399086684654e-01
2.032928000000000068e+00 9.309354179104557536e-01
2.051358000000000015e+00 9.312848466519019208e-01
2.069682999999999939e+00 9.386965555239367154e-01
2.087905999999999818e+00 9.407754247997960340e-01
2.106025999999999954e+00 9.454029547756992446e-01
2.124042000000000208e+00 9.526528147341851716e-01
2.141954999999999831e+00 9.570070170628363071e-01
2.159766999999999992e+00 9.627580149894315875e-01
2.177477999999999803e+00 9.624722860786384393e-01
2.195085999999999871e+00 9.646482704767197491e-01
2.212593000000000032e+00 9.635013202444121516e-01
2.230001000000000122e+00 9.698328443794494991e-01
2.247310000000000141e+00 9.713322446728660520e-01
2.264520999999999784e+00 9.687854604000361025e-01
2.281633999999999940e+00 9.699690769601757578e-01
2.298649999999999860e+00 9.454873741791202102e-01
2.315570000000000128e+00 9.517740789504971488e-01
2.332393999999999856e+00 9.458994114658677566e-01
2.349124000000000212e+00 9.476792563140684633e-01
2.365762000000000143e+00 9.519561511821185151e-01
2.382305999999999813e+00 9.438700750316236787e-01
2.398759999999999781e+00 9.450738420865822942e-01
2.415122000000000213e+00 9.288663045930766193e-01
2.431395000000000195e+00 9.302395269314006621e-01
2.447579999999999867e+00 9.246712476284115745e-01
2.463677000000000117e+00 9.278159695186503075e-01
2.479687000000000197e+00 9.112847366959748729e-01
2.495610999999999802e+00 9.123473417765953775e-01
2.511448999999999820e+00 8.954771985179770244e-01
2.527204999999999924e+00 8.880234891115019735e-01
2.542876999999999832e+00 8.833212564482134654e-01
2.558467999999999964e+00 9.018129633893309238e-01
2.573977999999999877e+00 8.986366970396899578e-01
2.589407000000000014e+00 9.010548943538897460e-01
2.604757000000000211e+00 9.059881447699660306e-01
2.620028000000000024e+00 9.197021297008578511e-01
2.635222999999999871e+00 9.213568744708814373e-01
2.650341000000000058e+00 8.996218901503254539e-01
2.665382999999999836e+00 9.215450027376606013e-01
2.680349999999999788e+00 8.984715245048859877e-01
2.695244000000000195e+00 8.926936961162322826e-01
2.710064000000000028e+00 8.934715969313576922e-01
2.724810999999999872e+00 8.883750181071473628e-01
2.739488999999999841e+00 9.019117309092564705e-01
2.754094999999999960e+00 8.962668927936318086e-01
2.768629999999999924e+00 8.970274407840777009e-01
2.783097999999999850e+00 9.128091117571932589e-01
2.797496999999999900e+00 8.986912142842358175e-01
2.811828999999999912e+00 8.979546699149759670e-01
2.826095000000000024e+00 9.018714435799065621e-01
2.840292999999999957e+00 9.080070019512905821e-01
2.854427999999999965e+00 9.007808719778848117e-01
2.868497000000000074e+00 9.005817897979835340e-01
2.882503999999999955e+00 9.009426534804326758e-01
2.896446000000000076e+00 9.039876437490137473e-01
2.910327000000000108e+00 9.072713174325967023e-01
2.924147000000000052e+00 8.953384890728083301e-01
2.937905000000000211e+00 9.100392236661143386e-01
2.951604000000000116e+00 9.139271239303156102e-01
2.965241999999999933e+00 9.071855214305918347e-01
2.978822000000000081e+00 9.040130556121900307e-01
2.992344000000000115e+00 9.052320868571741563e-01
3.005808000000000035e+00 9.035836540196005018e-01
3.019216000000000122e+00 9.140402760905618207e-01
3.032566000000000095e+00 9.044489197478186027e-01
3.045860999999999930e+00 9.242010306266597031e-01
3.059101000000000070e+00 9.020594492936846454e-01
3.072286000000000072e+00 9.100983601953764879e-01
3.085418000000000216e+00 9.208062551360743919e-01
3.098495000000000221e+00 9.199725844882394865e-01
3.111520000000000064e+00 9.373071321535748623e-01
3.124493000000000187e+00 9.207592322744612146e-01
3.137413000000000007e+00 9.356744896165918313e-01
3.150282999999999944e+00 9.308743519775398712e-01
3.163101999999999858e+00 9.156006542659042013e-01
3.175870000000000193e+00 9.298969303103258310e-01
3.188590000000000035e+00 9.453730295021339769e-01
3.201259999999999994e+00 9.245600497546674346e-01
3.213881000000000210e+00 9.275821580815588607e-01
3.226453999999999933e+00 9.348853423298386645e-01
3.238980000000000192e+00 9.253898499282250389e-01
3.251457999999999959e+00 9.390997046354936373e-01
3.263888999999999818e+00 9.435698791841979904e-01
3.276273999999999909e+00 9.479567005370064248e-01
3.288613999999999926e+00 9.418812213846299297e-01
3.300907000000000036e+00 9.332889237192959486e-01
3.313156000000000212e+00 9.317829748937557222e-01
3.325359999999999872e+00 9.469923371059935091e-01
3.337521000000000182e+00 9.481751785890648598e-01
3.349638000000000115e+00 9.429564323049606234e-01
3.361711000000000116e+00 9.482063509725944250e-01
3.373740999999999879e+00 9.469854947084627161e-01
3.385728999999999989e+00 9.369084848785637076e-01
3.397676000000000140e+00 9.450350881346019083e-01
3.409581000000000195e+00 9.380791778833050820e-01
3.421443000000000012e+00 9.444564317158249400e-01
3.433265000000000011e+00 9.613219233551023590e-01
3.445047000000000192e+00 9.502501552848134914e-01
3.456789000000000112e+00 9.445618430773392582e-01
3.468490000000000073e+00 9.572054704108122758e-01
3.480153000000000052e+00 9.552272573470576011e-01
3.491776999999999909e+00 9.573231849815457828e-01
3.503360999999999947e+00 9.559597278526462683e-01
3.514907000000000004e+00 9.561497169799347828e-01
3.526415000000000077e+00 9.618197099680113604e-01
3.537885000000000169e+00 9.481745328459080246e-01
3.549317999999999973e+00 9.525482458614038528e-01
3.560715000000000074e+00 9.555532652645549740e-01
3.572074000000000193e+00 9.490155864800221552e-01
3.583397000000000165e+00 9.530197939881615010e-01
3.594683999999999990e+00 9.649018774992910163e-01
3.605935000000000112e+00 9.511328560287978240e-01
3.617150000000000087e+00 9.641995285327673582e-01
3.628331000000000195e+00 9.659542455500723657e-01
3.639476999999999851e+00 9.676105312387034418e-01
3.650586999999999804e+00 9.665763457656195712e-01
3.661664000000000030e+00 9.626932259300401418e-01
3.672706999999999944e+00 9.537037805420225389e-01
3.683715999999999990e+00 9.690787634808533113e-01
3.694691000000000169e+00 9.569296820017543226e-01
3.705633000000000177e+00 9.651186505171396313e-01
3.716542000000000012e+00 9.725366577001548496e-01
3.727418999999999816e+00 9.635352540797204046e-01
3.738262999999999892e+00 9.660179227446029637e-01
3.749074999999999935e+00 9.673075055377589049e-01
3.759856000000000087e+00 9.660034669027077747e-01
3.770604000000000067e+00 9.678164212827031765e-01
3.781321000000000154e+00 9.634238197785409685e-01
3.792008000000000045e+00 9.628135167516234105e-01
3.802662999999999904e+00 9.707600466713510734e-01
3.813288000000000011e+00 9.730604183326990730e-01
3.823881999999999781e+00 9.728011215805250078e-01
3.834445999999999799e+00 9.740966747714857599e-01
3.844980000000000064e+00 9.618709732838679471e-01
3.855484999999999829e+00 9.746378318655305462e-01
3.865959999999999841e+00 9.763767561233193115e-01
3.876405999999999796e+00 9.721879911786033279e-01
3.886821999999999999e+00 9.721006368984539403e-01
3.897209999999999841e+00 9.719575929575033912e-01
3.907569000000000070e+00 9.770987965967343758e-01
3.917899999999999938e+00 9.698349004841873011e-01
3.928202999999999889e+00 9.737743362509559963e-01
3.938477999999999923e+00 9.734465393323479265e-01
3.948726000000000180e+00 9.746418009134969473e-01
3.958944999999999936e+00 9.727847697428975149e-01
3.969136000000000220e+00 9.698794932166544536e-01
3.979300999999999977e+00 9.701963749631121736e-01
3.989438999999999957e+00 9.732675154217692581e-01
3.999550000000000161e+00 9.671943650710287388e-01
4.009635000000000282e+00 9.654488651973474056e-01
4.019694000000000322e+00 9.740578121016733038e-01
4.029725000000000001e+00 9.667463717315861738e-01
4.039730999999999739e+00 9.704196095839946468e-01
4.049711000000000283e+00 9.643107584377437203e-01
4.059664999999999857e+00 9.720158867705799288e-01
4.069594999999999629e+00 9.675264151464181284e-01
4.079498000000000069e+00 9.522073987899497549e-01
4.089375999999999678e+00 9.529257485019240193e-01
4.099230000000000373e+00 9.639394544410799792e-01
4.109059000000000239e+00 9.590503967879960845e-01
4.118863000000000163e+00 9.590160694859042323e-01
4.128642000000000145e+00 9.636973526181797922e-01
4.138397999999999577e+00 9.559082310461054499e-01
4.148128999999999955e+00 9.595600127352053033e-01
4.157835999999999643e+00 9.668350517724993987e-01
4.167519999999999669e+00 9.516997865357373909e-01
4.177178999999999753e+00 9.607671174950899173e-01
4.186816000000000315e+00 9.557691396773851933e-01
4.196429000000000187e+00 9.614540715961391593e-01
4.206018000000000256e+00 9.514402887468434988e-01
4.215584999999999916e+00 9.497131353728851533e-01
4.225128999999999913e+00 9.632883686563191716e-01
4.234651000000000387e+00 9.540824830435744586e-01
4.244149000000000171e+00 9.564623016438992265e-01
4.253624000000000294e+00 9.440966264044088341e-01
4.263079000000000285e+00 9.446081414523542774e-01
4.272509999999999586e+00 9.502483895557263249e-01
4.281919000000000253e+00 9.541885954333969577e-01
4.291306999999999761e+00 9.572529702499611437e-01
4.300672999999999746e+00 9.426466066740559757e-01
4.310017000000000209e+00 9.458245905517661534e-01
4.319340000000000401e+00 9.376443784056925912e-01
4.328642000000000323e+00 9.471292468514352914e-01
4.337921999999999834e+00 9.289750887407819402e-01
4.347180999999999962e+00 9.486985397233382855e-01
4.356419999999999959e+00 9.424843233963803302e-01
4.365637000000000434e+00 9.436291407761726591e-01
4.374832999999999750e+00 9.315466853790174140e-01
4.384008999999999823e+00 9.332096375776738340e-01
4.393164999999999765e+00 9.305864191606804114e-01
4.402300000000000324e+00 9.298276282820927552e-01
4.411414999999999864e+00 9.368645717814322316e-01
4.420510000000000161e+00 9.303968584870900838e-01
4.429585000000000328e+00 9.332265968952867530e-01
4.438640999999999615e+00 9.227158904311790755e-01
4.447676000000000407e+00 9.263510434882596956e-01
4.456692000000000320e+00 9.261891356890084026e-01
4.465689000000000242e+00 9.281641805462537143e-01
4.474664999999999893e+00 9.302027359351366931e-01
4.483622999999999692e+00 9.306378490217199762e-01
4.492562000000000388e+00 9.242028274006401922e-01
4.501481000000000066e+00 9.284038964882130873e-01
4.510381999999999891e+00 9.252112461313390934e-01
4.519262999999999586e+00 9.250034824787363164e-01
4.528126000000000317e+00 9.184347530988928865e-01
4.536971000000000309e+00 9.135962773320784880e-01
4.545796000000000170e+00 9.309543105436669519e-01
4.554604000000000319e+00 9.240811691393665539e-01
4.563392999999999589e+00 9.140843153104195595e-01
4.572162999999999755e+00 9.118100307607650556e-01
4.580917000000000350e+00 9.217370063511286515e-01
4.589650999999999925e+00 9.332784882998982345e-01
4.598367999999999789e+00 9.176099037412842607e-01
4.607066999999999801e+00 9.229204022527123241e-01
4.615747999999999962e+00 9.127767447909083121e-01
4.624412000000000411e+00 9.273719338951103008e-01
4.633058000000000121e+00 9.303681597213521171e-01
4.641687000000000118e+00 9.209383431510875795e-01
4.650298000000000265e+00 9.339006296624980941e-01
4.658892999999999951e+00 9.270811178490857563e-01
4.667468999999999646e+00 9.393139924937518037e-01
4.676028999999999769e+00 9.339990144808215655e-01
4.684573000000000320e+00 9.351462956679210681e-01
4.693099000000000132e+00 9.356730037062942484e-01
4.701609000000000371e+00 9.375052939098513782e-01
4.710100999999999871e+00 9.303809829851776847e-01
4.718577999999999939e+00 9.277838569931754487e-01
4.727036000000000016e+00 9.358088457825295414e-01
4.735479999999999912e+00 9.428931046574446917e-01
4.743905999999999956e+00 9.360180203995234205e-01
4.752316999999999680e+00 9.261506970961427276e-01
4.760710999999999693e+00 9.380914574004465267e-01
4.769089000000000134e+00 9.302955673169917006e-01
4.777451000000000114e+00 9.139764455709854518e-01
4.785797999999999774e+00 9.284843212914553057e-01
4.794127999999999723e+00 9.393511523793395268e-01
4.802443000000000239e+00 9.363033307784743853e-01
4.810742000000000296e+00 9.313570475166619289e-01
4.819026000000000032e+00 9.242492669592271559e-01
4.827293000000000056e+00 9.402609949618992990e-01
4.835545999999999900e+00 9.377825957709433613e-01
4.843783000000000172e+00 9.202241001267423837e-01
4.852005000000000123e+00 9.327347648643132816e-01
4.860210999999999615e+00 9.498537361917351873e-01
4.868402999999999814e+00 9.444521978520262762e-01
4.876579000000000441e+00 9.340752011576437530e-01
4.884741000000000000e+00 9.282321906854240634e-01
4.892886999999999986e+00 9.417851148613812784e-01
4.901018999999999792e+00 9.413816259882058501e-01
4.909135000000000026e+00 9.241096898881673294e-01
4.917238000000000220e+00 9.285114686669476702e-01
4.925323999999999813e+00 9.181685084795353502e-01
4.933398000000000394e+00 9.181214373409904983e-01
4.941455999999999626e+00 9.347699411246486179e-01
4.949500999999999706e+00 9.397194799078298910e-01
4.957529000000000075e+00 9.254264084018922754e-01
4.965544999999999654e+00 9.198954018366742869e-01
4.973545999999999800e+00 9.433485051200568572e-01
4.981532999999999767e+00 9.365172326705261119e-01
4.989506000000000441e+00 9.192025170242563714e-01
4.997465000000000046e+00 9.342155817175584742e-01
5.005409000000000219e+00 9.321617111379301157e-01
5.013340000000000352e+00 9.326529633840893174e-01
5.021258000000000443e+00 9.275581374958131731e-01
5.029161000000000215e+00 9.198075281313656815e-01
5.037050999999999945e+00 9.305936307198309221e-01
5.044926000000000244e+00 9.050901727872011637e-01
5.052788999999999753e+00 9.368293866412156223e-01
5.060637999999999970e+00 9.380619439859354536e-01
5.068473000000000006e+00 9.277305253341688873e-01
5.076296000000000141e+00 9.315591207754081449e-01
5.084103999999999957e+00 9.129442479789364739e-01
5.091899999999999871e+00 9.367661081805492840e-01
5.099681999999999604e+00 9.427001378616632898e-01
5.107451000000000185e+00 9.408816439640723672e-01
5.115206999999999837e+00 9.349667713633580401e-01
5.122949000000000197e+00 9.369994518466547850e-01
5.130679999999999907e+00 9.369084130560701995e-01
5.138397000000000325e+00 9.309514390874962242e-01
5.146100999999999814e+00 9.037553131706239640e-01
5.153793000000000291e+00 9.358281945861363083e-01
5.161470999999999698e+00 9.347856527969401474e-01
5.169137000000000093e+00 9.122054614230237224e-01
5.176789999999999559e+00 9.330541387414507115e-01
5.184431000000000012e+00 9.112851917362558840e-01
5.192059999999999675e+00 9.412326486113157253e-01
5.199675000000000047e+00 9.071748747996882800e-01
5.207278999999999769e+00 9.311664831555941380e-01
5.214869000000000199e+00 9.245024533710062276e-01
5.222447999999999979e+00 9.353081854149744023e-01
5.230014999999999858e+00 9.143313497037897086e-01
5.237567999999999557e+00 9.274305530823613308e-01
5.245110999999999635e+00 8.892341178517237932e-01
5.252640999999999671e+00 9.236390314798916812e-01
5.260157999999999667e+00 9.341002665884416967e-01
5.267663999999999902e+00 9.137170497050922657e-01
5.275158000000000236e+00 9.385850336405867633e-01
5.282639999999999780e+00 8.954238657117783440e-01
5.290110999999999564e+00 9.189561651604796211e-01
5.297569000000000194e+00 9.566118956192493084e-01
