6.988050000000000095e-01 9.408898384582067287e-01
7.054350000000000342e-01 9.583817816727741024e-01
7.122249999999999970e-01 8.471727944989176917e-01
7.191800000000000415e-01 8.885972937793531479e-01
7.263169999999999904e-01 9.326485974663423217e-01
7.336439999999999628e-01 1.024094234351829558e+00
7.411480000000000290e-01 8.487045397550707637e-01
7.488550000000000484e-01 7.993694853910016107e-01
7.567639999999999922e-01 8.793611158882038703e-01
7.648749999999999716e-01 7.506241866040452848e-01
7.732109999999999816e-01 8.400271625786140950e-01
7.817619999999999569e-01 9.649054926030816715e-01
7.905440000000000245e-01 1.020609546473407514e+00
7.995679999999999454e-01 1.023732497654870510e+00
8.088269999999999627e-01 1.045321951658765069e+00
8.183420000000000138e-01 1.064095565981458380e+00
8.281209999999999960e-01 1.046902510105368167e+00
8.381629999999999914e-01 1.069748412905533019e+00
8.484770000000000367e-01 1.063976183528772435e+00
8.590719999999999468e-01 1.048273826890122606e+00
8.699550000000000338e-01 9.989385106798676084e-01
8.811350000000000016e-01 1.045835631488263306e+00
8.926159999999999650e-01 1.013640869212881102e+00
9.044060000000000432e-01 1.064601093109734942e+00
9.165079999999999893e-01 1.076921108024387896e+00
9.289260000000000295e-01 1.105904638779229288e+00
9.416799999999999615e-01 1.112189126112402393e+00
9.547579999999999956e-01 1.101891986974719906e+00
9.681659999999999711e-01 1.104042255116484794e+00
9.819160000000000110e-01 1.078645436830558246e+00
9.959980000000000500e-01 1.078444542104713300e+00
1.010421999999999931e+00 1.080896032540224816e+00
1.025187000000000070e+00 1.087569689640946802e+00
1.040286000000000044e+00 1.079199969646560620e+00
1.055719999999999992e+00 1.081964621913843905e+00
1.071490000000000054e+00 1.078833348329340858e+00
1.087587999999999999e+00 1.062901557126819441e+00
1.104006999999999961e+00 1.071027453469004520e+00
1.120740000000000069e+00 1.064952931193621666e+00
1.137777999999999956e+00 1.060395327299967994e+00
1.155116000000000032e+00 1.060817930072954995e+00
1.172739999999999894e+00 1.061145159414855765e+00
1.190638000000000085e+00 1.064931651353624886e+00
1.208795999999999982e+00 1.056540868778093500e+00
1.227203999999999962e+00 1.056339154318302276e+00
1.245846000000000009e+00 1.059274961414206517e+00
1.264704999999999968e+00 1.054689063362962642e+00
1.283770000000000078e+00 1.056103274529156977e+00
1.303020000000000067e+00 1.052061681475853216e+00
1.322446000000000010e+00 1.050038168438657493e+00
1.342024000000000106e+00 1.039902111527554629e+00
1.361742999999999926e+00 1.043664039207069738e+00
1.381585000000000063e+00 1.043757304812173770e+00
1.401534999999999975e+00 1.046627761386473399e+00
1.421578999999999926e+00 1.035292006305504886e+00
1.441699999999999982e+00 1.028928674787284336e+00
1.461883999999999961e+00 1.026442481461218748e+00
1.482118000000000047e+00 1.033186182434167710e+00
1.502388999999999974e+00 1.040728480563741565e+00
1.522683000000000009e+00 1.046073179253303786e+00
1.542990000000000084e+00 1.040862465802894432e+00
1.563298000000000076e+00 1.038917226668465865e+00
1.583596000000000004e+00 1.040364089783553769e+00
1.603874999999999940e+00 1.037968804828673042e+00
1.624125999999999959e+00 1.038336442706173868e+00
1.644339999999999913e+00 1.040985833033525543e+00
1.664509999999999934e+00 1.041868883124478451e+00
1.684628000000000014e+00 1.046195449111770870e+00
1.704688999999999899e+00 1.045483023771153874e+00
1.724685000000000024e+00 1.037919731931561396e+00
1.744612999999999969e+00 1.049588990897531326e+00
1.764467000000000008e+00 1.030617564902663652e+00
1.784242000000000106e+00 1.044150508042477554e+00
1.803935999999999984e+00 1.034789760770939981e+00
1.823541999999999996e+00 1.032114638177456190e+00
1.843061999999999978e+00 1.028386085155314600e+00
1.862489000000000061e+00 1.018766129662671327e+00
1.881822000000000106e+00 1.022091909629101458e+00
1.901059999999999972e+00 1.027202327812582805e+00
1.920201000000000047e+00 1.031945526283023273e+00
1.939241999999999910e+00 1.049618940408763912e+00
1.958183000000000007e+00 1.036584486486169521e+00
1.977022999999999975e+00 1.044158035214750813e+00
1.995762000000000036e+00 1.043453362226198333e+00
2.014396000000000075e+00 1.031237924311408038e+00
2.032928000000000068e+00 1.036135839091906652e+00
2.051358000000000015e+00 1.031560055716988833e+00
2.069682999999999939e+00 1.036582341417306319e+00
2.087905999999999818e+00 1.034211963153570890e+00
2.106025999999999954e+00 1.035700347399104881e+00
2.124042000000000208e+00 1.041568983259068881e+00
2.141954999999999831e+00 1.044457043500750082e+00
2.159766999999999992e+00 1.050359353606046930e+00
2.177477999999999803e+00 1.050154811038788383e+00
2.195085999999999871e+00 1.053293206798756154e+00
2.212593000000000032e+00 1.051448773971582984e+00
2.230001000000000122e+00 1.061236311729431225e+00
2.247310000000000141e+00 1.064739462541075321e+00
2.264520999999999784e+00 1.063123561570718190e+00
2.281633999999999940e+00 1.064301389356820282e+00
2.298649999999999860e+00 1.046456298954259401e+00
2.315570000000000128e+00 1.054261627937990387e+00
2.332393999999999856e+00 1.047140442265493521e+00
2.349124000000000212e+00 1.048284047437380240e+00
2.365762000000000143e+00 1.055639773354130284e+00
2.382305999999999813e+00 1.043214862557623634e+00
2.398759999999999781e+00 1.044243590894386120e+00
2.415122000000000213e+00 1.026881786056048851e+00
2.431395000000000195e+00 1.030152822446148031e+00
2.447579999999999867e+00 1.024018306126548872e+00
2.463677000000000117e+00 1.027262070019305806e+00
2.479687000000000197e+00 1.007179645408937896e+00
2.495610999999999802e+00 1.009530053183697706e+00
2.511448999999999820e+00 9.903087658190909970e-01
2.527204999999999924e+00 9.803784775835031606e-01
2.542876999999999832e+00 9.751296594838666509e-01
2.558467999999999964e+00 9.978355426386501525e-01
2.573977999999999877e+00 9.921835533137068897e-01
2.589407000000000014e+00 9.957371776902338434e-01
2.604757000000000211e+00 1.000946295998573321e+00
2.620028000000000024e+00 1.015317041443061674e+00
2.635222999999999871e+00 1.016428512395247674e+00
2.650341000000000058e+00 9.898946511282867844e-01
2.665382999999999836e+00 1.018336962885652230e+00
2.680349999999999788e+00 9.950131168043930829e-01
2.695244000000000195e+00 9.870272266600765843e-01
2.710064000000000028e+00 9.858384713758717721e-01
2.724810999999999872e+00 9.756710138894122419e-01
2.739488999999999841e+00 9.922837842956194754e-01
2.754094999999999960e+00 9.839126279885918036e-01
2.768629999999999924e+00 9.851227807991574936e-01
2.783097999999999850e+00 1.004667948821861057e+00
2.797496999999999900e+00 9.842093984185688038e-01
2.811828999999999912e+00 9.831263689442995002e-01
2.826095000000000024e+00 9.882934119765334202e-01
2.840292999999999957e+00 9.949651887728969690e-01
2.854427999999999965e+00 9.870314856757330668e-01
2.868497000000000074e+00 9.853664003433044716e-01
2.882503999999999955e+00 9.849661986391066160e-01
2.896446000000000076e+00 9.883013230517335712e-01
2.910327000000000108e+00 9.905055720171530576e-01
2.924147000000000052e+00 9.759823069370325843e-01
2.937905000000000211e+00 9.922495579985549652e-01
2.951604000000000116e+00 9.976756616191535532e-01
2.965241999999999933e+00 9.868843863523909521e-01
2.978822000000000081e+00 9.847965633112479855e-01
2.992344000000000115e+00 9.846823409622693646e-01
3.005808000000000035e+00 9.808281017514316469e-01
3.019216000000000122e+00 9.938958128645053458e-01
3.032566000000000095e+00 9.814135935467834804e-01
3.045860999999999930e+00 1.005430432294695642e+00
3.059101000000000070e+00 9.765230494642723746e-01
3.072286000000000072e+00 9.851005807862157626e-01
3.085418000000000216e+00 9.986006019418932622e-01
3.098495000000000221e+00 9.962677498835179613e-01
3.111520000000000064e+00 1.018192206779803932e+00
3.124493000000000187e+00 9.960669717211491081e-01
3.137413000000000007e+00 1.014330203761791172e+00
3.150282999999999944e+00 1.007903891541367614e+00
3.163101999999999858e+00 9.889265575556444032e-01
3.175870000000000193e+00 1.005564208552283789e+00
3.188590000000000035e+00 1.021845341761483450e+00
3.201259999999999994e+00 9.989079535471783178e-01
3.213881000000000210e+00 1.000644807692563365e+00
3.226453999999999933e+00 1.008754687492759317e+00
3.238980000000000192e+00 9.978065813682555074e-01
3.251457999999999959e+00 1.012757103366632716e+00
3.263888999999999818e+00 1.017410611342083770e+00
3.276273999999999909e+00 1.023896896582611626e+00
3.288613999999999926e+00 1.013936770286095967e+00
3.300907000000000036e+00 1.005190975755703375e+00
3.313156000000000212e+00 1.002754137263340839e+00
3.325359999999999872e+00 1.018672345949618752e+00
3.337521000000000182e+00 1.020542273399913213e+00
3.349638000000000115e+00 1.014333507597737993e+00
3.361711000000000116e+00 1.020863201771291084e+00
3.373740999999999879e+00 1.019702913580788906e+00
3.385728999999999989e+00 1.005768773553294304e+00
3.397676000000000140e+00 1.015061198578995239e+00
3.409581000000000195e+00 1.007881306117255571e+00
3.421443000000000012e+00 1.016010241610385112e+00
3.433265000000000011e+00 1.034428377535369536e+00
3.445047000000000192e+00 1.021074290455912914e+00
3.456789000000000112e+00 1.013195186264651326e+00
3.468490000000000073e+00 1.026403769975296587e+00
3.480153000000000052e+00 1.026396487632661225e+00
3.491776999999999909e+00 1.028951835693631356e+00
3.503360999999999947e+00 1.024381602376878142e+00
3.514907000000000004e+00 1.026052833707285616e+00
3.526415000000000077e+00 1.030642360580095618e+00
3.537885000000000169e+00 1.015097146347646362e+00
3.549317999999999973e+00 1.021312205067353762e+00
3.560715000000000074e+00 1.022922999649537701e+00
3.572074000000000193e+00 1.015693007095651357e+00
3.583397000000000165e+00 1.018646627731035759e+00
3.594683999999999990e+00 1.031247398704903340e+00
3.605935000000000112e+00 1.016227938455814606e+00
3.617150000000000087e+00 1.031780285809111186e+00
3.628331000000000195e+00 1.031572413904987551e+00
3.639476999999999851e+00 1.033973487201353070e+00
3.650586999999999804e+00 1.031676115341947586e+00
3.661664000000000030e+00 1.027363612642016255e+00
3.672706999999999944e+00 1.016715627000352118e+00
3.683715999999999990e+00 1.031785482105536778e+00
3.694691000000000169e+00 1.019837408727897632e+00
3.705633000000000177e+00 1.027102908746565957e+00
3.716542000000000012e+00 1.033857447943715036e+00
3.727418999999999816e+00 1.022630498128075827e+00
3.738262999999999892e+00 1.029174711954834676e+00
3.749074999999999935e+00 1.027283892241566132e+00
3.759856000000000087e+00 1.024730257452751703e+00
3.770604000000000067e+00 1.027375301291327370e+00
3.781321000000000154e+00 1.019540241754153032e+00
3.792008000000000045e+00 1.020446410742490873e+00
3.802662999999999904e+00 1.028046271443006754e+00
3.813288000000000011e+00 1.032266272222803094e+00
3.823881999999999781e+00 1.031680724318991160e+00
3.834445999999999799e+00 1.032380312155781521e+00
3.844980000000000064e+00 1.018709791529629038e+00
3.855484999999999829e+00 1.030533859942912134e+00
3.865959999999999841e+00 1.032984255689917141e+00
3.876405999999999796e+00 1.029777215169277005e+00
3.886821999999999999e+00 1.029547067319001474e+00
3.897209999999999841e+00 1.028180018926698081e+00
3.907569000000000070e+00 1.034194354335778110e+00
3.917899999999999938e+00 1.024822381434462581e+00
3.928202999999999889e+00 1.031101933844619456e+00
3.938477999999999923e+00 1.028383439058199844e+00
3.948726000000000180e+00 1.031861266030313473e+00
3.958944999999999936e+00 1.028948016078547356e+00
3.969136000000000220e+00 1.027505112982261437e+00
3.979300999999999977e+00 1.028526016399412546e+00
3.989438999999999957e+00 1.029475281324010894e+00
3.999550000000000161e+00 1.026383365085659083e+00
4.009635000000000282e+00 1.021442989309117033e+00
4.019694000000000322e+00 1.034063951183656682e+00
4.029725000000000001e+00 1.028346537919863080e+00
4.039730999999999739e+00 1.028619997783923656e+00
4.049711000000000283e+00 1.022150061878172700e+00
4.059664999999999857e+00 1.035581343823876344e+00
4.069594999999999629e+00 1.027052193312663286e+00
4.079498000000000069e+00 1.015233339109542499e+00
4.089375999999999678e+00 1.014601498412235125e+00
4.099230000000000373e+00 1.030313804523634635e+00
4.109059000000000239e+00 1.021867602451128620e+00
4.118863000000000163e+00 1.023560377579361136e+00
4.128642000000000145e+00 1.032053842400081800e+00
4.138397999999999577e+00 1.020103801559564261e+00
4.148128999999999955e+00 1.024979004604162691e+00
4.157835999999999643e+00 1.036314311139686639e+00
4.167519999999999669e+00 1.019606861107986262e+00
4.177178999999999753e+00 1.027324152787405520e+00
4.186816000000000315e+00 1.026631298176055251e+00
4.196429000000000187e+00 1.030139606473942981e+00
4.206018000000000256e+00 1.020158963364925064e+00
4.215584999999999916e+00 1.022418493187108091e+00
4.225128999999999913e+00 1.037754297733106457e+00
4.234651000000000387e+00 1.024341007628201128e+00
4.244149000000000171e+00 1.032892002853910141e+00
4.253624000000000294e+00 1.017737612477680020e+00
4.263079000000000285e+00 1.014117445362649805e+00
4.272509999999999586e+00 1.021687382183679382e+00
4.281919000000000253e+00 1.027490762761678944e+00
4.291306999999999761e+00 1.030310644182721003e+00
4.300672999999999746e+00 1.010962102389849848e+00
4.310017000000000209e+00 1.018334759700770364e+00
4.319340000000000401e+00 1.008337969726551542e+00
4.328642000000000323e+00 1.019694278616849470e+00
4.337921999999999834e+00 1.000140830157983274e+00
4.347180999999999962e+00 1.025415546265025180e+00
4.356419999999999959e+00 1.014936088573443751e+00
4.365637000000000434e+00 1.018966817812441805e+00
4.374832999999999750e+00 1.003922268164333609e+00
4.384008999999999823e+00 1.005139338664669202e+00
4.393164999999999765e+00 1.005267384630711858e+00
4.402300000000000324e+00 1.003242474266282436e+00
4.411414999999999864e+00 1.010836081568499134e+00
4.420510000000000161e+00 1.003569038947400349e+00
4.429585000000000328e+00 1.006981183557904558e+00
4.438640999999999615e+00 9.937695756377188383e-01
4.447676000000000407e+00 9.997429869284596426e-01
4.456692000000000320e+00 9.982798502615012337e-01
4.465689000000000242e+00 1.000618476211012409e+00
4.474664999999999893e+00 1.004391084796571576e+00
4.483622999999999692e+00 1.004523711603058755e+00
4.492562000000000388e+00 9.954322746479780104e-01
4.501481000000000066e+00 9.999091654437143317e-01
4.510381999999999891e+00 9.971549314988547019e-01
4.519262999999999586e+00 9.971269483625385677e-01
4.528126000000000317e+00 9.893550785916738199e-01
4.536971000000000309e+00 9.827701822935817066e-01
4.545796000000000170e+00 1.003011730678223579e+00
4.554604000000000319e+00 9.962069971904736754e-01
4.563392999999999589e+00 9.839863848803002133e-01
4.572162999999999755e+00 9.814888680387207076e-01
4.580917000000000350e+00 9.922629886170282187e-01
4.589650999999999925e+00 1.007055466699669166e+00
4.598367999999999789e+00 9.862759219245915698e-01
4.607066999999999801e+00 9.952912085506521178e-01
4.615747999999999962e+00 9.817491779622128378e-01
4.624412000000000411e+00 9.991418002168642731e-01
4.633058000000000121e+00 1.001796170158453458e+00
4.641687000000000118e+00 9.923737497341091895e-01
4.650298000000000265e+00 1.005869754564773677e+00
4.658892999999999951e+00 9.971434841984142539e-01
4.667468999999999646e+00 1.009989168830450534e+00
4.676028999999999769e+00 1.004619309289732643e+00
4.684573000000000320e+00 1.006156919573810260e+00
4.693099000000000132e+00 1.007001971067381207e+00
4.701609000000000371e+00 1.008469409551058460e+00
4.710100999999999871e+00 1.002483968565783590e+00
4.718577999999999939e+00 9.992253869778828790e-01
4.727036000000000016e+00 1.010107002297819578e+00
4.735479999999999912e+00 1.015669424513391483e+00
4.743905999999999956e+00 1.010497336233459720e+00
4.752316999999999680e+00 9.963998316665294563e-01
4.760710999999999693e+00 1.010131794581578868e+00
4.769089000000000134e+00 9.993325921961747627e-01
4.777451000000000114e+00 9.786175789706902384e-01
4.785797999999999774e+00 1.000676584101012123e+00
4.794127999999999723e+00 1.013011291400773395e+00
4.802443000000000239e+00 1.009254956543589987e+00
4.810742000000000296e+00 1.000781231323511822e+00
4.819026000000000032e+00 9.933744528676069496e-01
4.827293000000000056e+00 1.013292676563124939e+00
4.835545999999999900e+00 1.009930737171550241e+00
4.843783000000000172e+00 9.897645947833826341e-01
4.852005000000000123e+00 1.003283459674022993e+00
4.860210999999999615e+00 1.023211424361738953e+00
4.868402999999999814e+00 1.016669448933988029e+00
4.876579000000000441e+00 1.004596674070100670e+00
4.884741000000000000e+00 9.985437991277485992e-01
4.892886999999999986e+00 1.011220951747945795e+00
4.901018999999999792e+00 1.013704313755428243e+00
4.909135000000000026e+00 9.907001834623019310e-01
4.917238000000000220e+00 9.982044693921935385e-01
4.925323999999999813e+00 9.848042622702809501e-01
4.933398000000000394e+00 9.821963475786634756e-01
4.941455999999999626e+00 1.005966252896537849e+00
4.949500999999999706e+00 1.008061693072893394e+00
4.957529000000000075e+00 9.920739032271119751e-01
4.965544999999999654e+00 9.856813774546424600e-01
4.973545999999999800e+00 1.012744372156515693e+00
4.981532999999999767e+00 1.004654331288192592e+00
4.989506000000000441e+00 9.856129535255369056e-01
4.997465000000000046e+00 1.000033105185831550e+00
5.005409000000000219e+00 9.994477115503105358e-01
5.013340000000000352e+00 9.990926922454635983e-01
5.021258000000000443e+00 9.907192837754522641e-01
5.029161000000000215e+00 9.835595590905955588e-01
5.037050999999999945e+00 9.955678928128628424e-01
5.044926000000000244e+00 9.638532415944555121e-01
5.052788999999999753e+00 1.003833985786777072e+00
5.060637999999999970e+00 1.004969049484291554e+00
5.068473000000000006e+00 9.921639033902746041e-01
5.076296000000000141e+00 9.958487192087351891e-01
5.084103999999999957e+00 9.757302590313863266e-01
5.091899999999999871e+00 1.000375057358776409e+00
5.099681999999999604e+00 1.007698328144931654e+00
5.107451000000000185e+00 1.007052224590391898e+00
5.115206999999999837e+00 9.995163411002411236e-01
5.122949000000000197e+00 1.001022146545176517e+00
5.130679999999999907e+00 1.001834535937724757e+00
5.138397000000000325e+00 9.952438085047404792e-01
5.146100999999999814e+00 9.634675877573226632e-01
5.153793000000000291e+00 1.000848600814119305e+00
5.161470999999999698e+00 9.973607883370224636e-01
5.169137000000000093e+00 9.711451430646654837e-01
5.176789999999999559e+00 9.960470166026125227e-01
5.184431000000000012e+00 9.705556948972534625e-01
5.192059999999999675e+00 1.004792693221281397e+00
5.199675000000000047e+00 9.651079408631861867e-01
5.207278999999999769e+00 9.978085416106063921e-01
5.214869000000000199e+00 9.874319029919245150e-01
5.222447999999999979e+00 1.000571921682051668e+00
5.230014999999999858e+00 9.739126825256777531e-01
5.237567999999999557e+00 9.906478274860406330e-01
5.245110999999999635e+00 9.432080627713157472e-01
5.252640999999999671e+00 9.826067519125342153e-01
5.260157999999999667e+00 9.977482799562535920e-01
5.267663999999999902e+00 9.728961850082215035e-01
5.275158000000000236e+00 1.004967026923885287e+00
5.282639999999999780e+00 9.506872657490617051e-01
5.290110999999999564e+00 9.818317031720501520e-01
5.297569000000000194e+00 1.021082002230413233e+00
