6.988050000000000095e-01 8.766288427681031559e-01
7.054350000000000342e-01 8.957956887383093925e-01
7.122249999999999970e-01 7.815386312554660764e-01
7.191800000000000415e-01 8.255807954002453153e-01
7.263169999999999904e-01 8.694561728020225866e-01
7.336439999999999628e-01 9.680117733667230606e-01
7.411480000000000290e-01 7.693921803074800225e-01
7.488550000000000484e-01 7.172468269369899341e-01
7.567639999999999922e-01 8.024766292810032731e-01
7.648749999999999716e-01 6.683397264437672680e-01
7.732109999999999816e-01 7.638476692473811225e-01
7.817619999999999569e-01 9.028373476909720141e-01
7.905440000000000245e-01 9.655780854386232237e-01
7.995679999999999454e-01 9.671562668366977533e-01
8.088269999999999627e-01 9.944678107537818779e-01
8.183420000000000138e-01 1.022546522985855688e+00
8.281209999999999960e-01 1.003880319043482627e+00
8.381629999999999914e-01 1.033068180125997770e+00
8.484770000000000367e-01 1.025080913846459607e+00
8.590719999999999468e-01 9.999211714107200111e-01
8.699550000000000338e-01 9.396999356914121915e-01
8.811350000000000016e-01 9.993075566480157379e-01
8.926159999999999650e-01 9.664336072728323401e-01
9.044060000000000432e-01 1.032162476541322649e+00
9.165079999999999893e-01 1.051794935647776263e+00
9.289260000000000295e-01 1.082142147597536352e+00
9.416799999999999615e-01 1.093091080978743967e+00
9.547579999999999956e-01 1.085051721138692082e+00
9.681659999999999711e-01 1.089967601660515983e+00
9.819160000000000110e-01 1.058468872982102349e+00
9.959980000000000500e-01 1.049587981367293255e+00
1.010421999999999931e+00 1.054816161072551717e+00
1.025187000000000070e+00 1.064523140398412338e+00
1.040286000000000044e+00 1.057663090365945413e+00
1.055719999999999992e+00 1.062894725872116197e+00
1.071490000000000054e+00 1.061829664919161420e+00
1.087587999999999999e+00 1.044947801545304866e+00
1.104006999999999961e+00 1.053771090956119760e+00
1.120740000000000069e+00 1.047110875431411570e+00
1.137777999999999956e+00 1.040376975931620374e+00
1.155116000000000032e+00 1.044518893878761068e+00
1.172739999999999894e+00 1.038877741824738132e+00
1.190638000000000085e+00 1.048763123180085133e+00
1.208795999999999982e+00 1.040116693586076613e+00
1.227203999999999962e+00 1.042390940827220502e+00
1.245846000000000009e+00 1.042678751279022320e+00
1.264704999999999968e+00 1.041588136075372040e+00
1.283770000000000078e+00 1.043937747909535974e+00
1.303020000000000067e+00 1.039588952966580715e+00
1.322446000000000010e+00 1.035328789591547283e+00
1.342024000000000106e+00 1.009047308176794333e+00
1.361742999999999926e+00 1.011778028122348294e+00
1.381585000000000063e+00 1.014091511045842164e+00
1.401534999999999975e+00 1.015863148160155882e+00
1.421578999999999926e+00 1.001601540801559720e+00
1.441699999999999982e+00 9.945631662723856126e-01
1.461883999999999961e+00 9.937233251207554519e-01
1.482118000000000047e+00 1.003157055156962851e+00
1.502388999999999974e+00 1.013935667158704756e+00
1.522683000000000009e+00 1.022488890697106134e+00
1.542990000000000084e+00 1.018425549394602392e+00
1.563298000000000076e+00 1.017992436075592533e+00
1.583596000000000004e+00 1.021805810315356000e+00
1.603874999999999940e+00 1.020414003213140131e+00
1.624125999999999959e+00 1.022309695805602603e+00
1.644339999999999913e+00 1.026440103198454468e+00
1.664509999999999934e+00 1.027770378667010709e+00
1.684628000000000014e+00 1.033712471522248544e+00
1.704688999999999899e+00 1.030867107635851765e+00
1.724685000000000024e+00 1.018147973678669382e+00
1.744612999999999969e+00 1.029816082928589616e+00
1.764467000000000008e+00 1.003973596700944215e+00
1.784242000000000106e+00 1.018330868790329191e+00
1.803935999999999984e+00 1.006110462013264373e+00
1.823541999999999996e+00 1.003344171468119495e+00
1.843061999999999978e+00 9.983354228948377873e-01
1.862489000000000061e+00 9.856747419086990813e-01
1.881822000000000106e+00 9.913271927201416922e-01
1.901059999999999972e+00 9.988832481159167775e-01
1.920201000000000047e+00 1.004907377717983774e+00
1.939241999999999910e+00 1.026522512857696245e+00
1.958183000000000007e+00 1.009959105969704840e+00
1.977022999999999975e+00 1.019609577138711254e+00
1.995762000000000036e+00 1.018826318918216511e+00
2.014396000000000075e+00 1.004382429662639575e+00
2.032928000000000068e+00 1.011737399678326987e+00
2.051358000000000015e+00 1.007551680223498947e+00
2.069682999999999939e+00 1.014969591928204018e+00
2.087905999999999818e+00 1.013468316079562559e+00
2.106025999999999954e+00 1.016534617346013247e+00
2.124042000000000208e+00 1.024718134490174126e+00
2.141954999999999831e+00 1.029036205372793500e+00
2.159766999999999992e+00 1.036760062152314310e+00
2.177477999999999803e+00 1.036461058861041451e+00
2.195085999999999871e+00 1.040262625619052583e+00
2.212593000000000032e+00 1.038074862108890217e+00
2.230001000000000122e+00 1.049795816442064877e+00
2.247310000000000141e+00 1.053727271652648900e+00
2.264520999999999784e+00 1.051240880442472436e+00
2.281633999999999940e+00 1.052808885795681881e+00
2.298649999999999860e+00 1.026800847568824837e+00
2.315570000000000128e+00 1.036532730327075269e+00
2.332393999999999856e+00 1.027601605406043728e+00
2.349124000000000212e+00 1.029337697245668259e+00
2.365762000000000143e+00 1.037915780235864949e+00
2.382305999999999813e+00 1.023131815627188690e+00
2.398759999999999781e+00 1.024545876444532322e+00
2.415122000000000213e+00 1.002274621543087996e+00
2.431395000000000195e+00 1.005848714500714003e+00
2.447579999999999867e+00 9.980772519181954072e-01
2.463677000000000117e+00 1.002255208172866618e+00
2.479687000000000197e+00 9.775602844506658951e-01
2.495610999999999802e+00 9.801262241807612297e-01
2.511448999999999820e+00 9.563538537989733079e-01
2.527204999999999924e+00 9.446140837162088078e-01
2.542876999999999832e+00 9.381690722673241556e-01
2.558467999999999964e+00 9.655363312998118674e-01
2.573977999999999877e+00 9.591932647180503313e-01
2.589407000000000014e+00 9.633278682238402002e-01
2.604757000000000211e+00 9.698930882778015183e-01
2.620028000000000024e+00 9.881454177445377907e-01
2.635222999999999871e+00 9.897748292350635468e-01
2.650341000000000058e+00 9.574232836310135886e-01
2.665382999999999836e+00 9.916300606338050994e-01
2.680349999999999788e+00 9.617478018544397544e-01
2.695244000000000195e+00 9.523551261960957470e-01
2.710064000000000028e+00 9.515335108019536969e-01
2.724810999999999872e+00 9.404160342068522693e-01
2.739488999999999841e+00 9.604330387925351653e-01
2.754094999999999960e+00 9.507317422841931043e-01
2.768629999999999924e+00 9.521123763080667768e-01
2.783097999999999850e+00 9.757593069965786459e-01
2.797496999999999900e+00 9.518451052834567827e-01
2.811828999999999912e+00 9.505898771424170501e-01
2.826095000000000024e+00 9.567244129845341449e-01
2.840292999999999957e+00 9.650462589149235715e-01
2.854427999999999965e+00 9.551782056583018043e-01
2.868497000000000074e+00 9.535684565146327341e-01
2.882503999999999955e+00 9.533226416169111594e-01
2.896446000000000076e+00 9.574644317985400166e-01
2.910327000000000108e+00 9.606457462505622047e-01
2.924147000000000052e+00 9.430951718639726256e-01
2.937905000000000211e+00 9.632241024460560519e-01
2.951604000000000116e+00 9.696280769121310428e-01
2.965241999999999933e+00 9.572500207053801224e-01
2.978822000000000081e+00 9.542221892652034132e-01
2.992344000000000115e+00 9.545342738456609188e-01
3.005808000000000035e+00 9.503935058477455122e-01
3.019216000000000122e+00 9.661385099357125972e-01
3.032566000000000095e+00 9.512318146297412680e-01
3.045860999999999930e+00 9.804537824283147129e-01
3.059101000000000070e+00 9.458828008203458149e-01
3.072286000000000072e+00 9.565852757390186367e-01
3.085418000000000216e+00 9.728696181003053667e-01
3.098495000000000221e+00 9.703958383929818243e-01
3.111520000000000064e+00 9.970532694997860101e-01
3.124493000000000187e+00 9.704770531803229572e-01
3.137413000000000007e+00 9.928276346396657237e-01
3.150282999999999944e+00 9.850918613750578867e-01
3.163101999999999858e+00 9.620291154748580320e-01
3.175870000000000193e+00 9.825471772233328460e-01
3.188590000000000035e+00 1.003330123983103839e+00
3.201259999999999994e+00 9.744463249963229989e-01
3.213881000000000210e+00 9.771151137177165324e-01
3.226453999999999933e+00 9.872773184538906621e-01
3.238980000000000192e+00 9.736938788557374380e-01
3.251457999999999959e+00 9.925201858884196149e-01
3.263888999999999818e+00 9.984833808710313896e-01
3.276273999999999909e+00 1.006183057730378083e+00
3.288613999999999926e+00 9.945973665704697098e-01
3.300907000000000036e+00 9.833583043214965125e-01
3.313156000000000212e+00 9.805402955638241602e-01
3.325359999999999872e+00 1.000865065925547803e+00
3.337521000000000182e+00 1.003056948757077516e+00
3.349638000000000115e+00 9.953440306143913618e-01
3.361711000000000116e+00 1.003374053231318008e+00
3.373740999999999879e+00 1.001845738402491470e+00
3.385728999999999989e+00 9.851410959047851579e-01
3.397676000000000140e+00 9.967500257132703156e-01
3.409581000000000195e+00 9.875438390688117130e-01
3.421443000000000012e+00 9.974554627386192918e-01
3.433265000000000011e+00 1.020918562412155728e+00
3.445047000000000192e+00 1.004280023981418024e+00
3.456789000000000112e+00 9.948102547841254362e-01
3.468490000000000073e+00 1.011780199906461508e+00
3.480153000000000052e+00 1.011091191950686197e+00
3.491776999999999909e+00 1.014267394451636717e+00
3.503360999999999947e+00 1.009410807358744000e+00
3.514907000000000004e+00 1.011079719547074873e+00
3.526415000000000077e+00 1.017445876081490397e+00
3.537885000000000169e+00 9.978581336529843693e-01
3.549317999999999973e+00 1.005297488281008622e+00
3.560715000000000074e+00 1.007871957976110400e+00
3.572074000000000193e+00 9.987142904737115190e-01
3.583397000000000165e+00 1.002906248744680262e+00
3.594683999999999990e+00 1.019090246515472975e+00
3.605935000000000112e+00 9.999475569636369077e-01
3.617150000000000087e+00 1.019362688173316878e+00
3.628331000000000195e+00 1.019765567778140980e+00
3.639476999999999851e+00 1.022654818013687406e+00
3.650586999999999804e+00 1.020079309073479656e+00
3.661664000000000030e+00 1.014587335313459127e+00
3.672706999999999944e+00 1.001288991974250475e+00
3.683715999999999990e+00 1.021042488590528929e+00
3.694691000000000169e+00 1.005380399447653117e+00
3.705633000000000177e+00 1.015164404988658564e+00
3.716542000000000012e+00 1.024232073226729822e+00
3.727418999999999816e+00 1.010310855003530905e+00
3.738262999999999892e+00 1.017471852170338087e+00
3.749074999999999935e+00 1.016084480032266812e+00
3.759856000000000087e+00 1.013174055466346424e+00
3.770604000000000067e+00 1.016345851163078740e+00
3.781321000000000154e+00 1.007292607342751500e+00
3.792008000000000045e+00 1.007960608234737432e+00
3.802662999999999904e+00 1.017994242661407922e+00
3.813288000000000011e+00 1.022867252624618972e+00
3.823881999999999781e+00 1.022210917905816752e+00
3.834445999999999799e+00 1.023330566830702226e+00
3.844980000000000064e+00 1.005968765756956484e+00
3.855484999999999829e+00 1.021721106632361931e+00
3.865959999999999841e+00 1.024692012095894667e+00
3.876405999999999796e+00 1.020156319051227944e+00
3.886821999999999999e+00 1.019903498681242082e+00
3.897209999999999841e+00 1.018529403694153235e+00
3.907569000000000070e+00 1.026114121455911521e+00
3.917899999999999938e+00 1.014558564533203366e+00
3.928202999999999889e+00 1.021979976537169765e+00
3.938477999999999923e+00 1.019230167614623594e+00
3.948726000000000180e+00 1.023011756251988480e+00
3.958944999999999936e+00 1.019554260535640466e+00
3.969136000000000220e+00 1.017171633715724832e+00
3.979300999999999977e+00 1.018267813791439602e+00
3.989438999999999957e+00 1.020229315460432939e+00
3.999550000000000161e+00 1.015175499185495545e+00
4.009635000000000282e+00 1.009811471202343158e+00
4.019694000000000322e+00 1.024951898154734753e+00
4.029725000000000001e+00 1.016920485539237973e+00
4.039730999999999739e+00 1.018434614650351566e+00
4.049711000000000283e+00 1.010109828700796131e+00
4.059664999999999857e+00 1.025725273440511343e+00
4.069594999999999629e+00 1.015934877863901242e+00
4.079498000000000069e+00 9.993609606841957760e-01
4.089375999999999678e+00 9.989993730842658959e-01
4.099230000000000373e+00 1.017858868477212519e+00
4.109059000000000239e+00 1.008053019273838169e+00
4.118863000000000163e+00 1.009669018437568289e+00
4.128642000000000145e+00 1.019453425875065156e+00
4.138397999999999577e+00 1.005288356706147024e+00
4.148128999999999955e+00 1.011219212579805182e+00
4.157835999999999643e+00 1.024649167634706926e+00
4.167519999999999669e+00 1.003374275236928570e+00
4.177178999999999753e+00 1.013889224840428538e+00
4.186816000000000315e+00 1.011503443666515123e+00
4.196429000000000187e+00 1.016835722935097941e+00
4.206018000000000256e+00 1.003813600271178386e+00
4.215584999999999916e+00 1.005379534693530585e+00
4.225128999999999913e+00 1.024806291357599264e+00
4.234651000000000387e+00 1.008726085323945698e+00
4.244149000000000171e+00 1.017749966822423691e+00
4.253624000000000294e+00 9.989763965122673284e-01
4.263079000000000285e+00 9.957046391129412699e-01
4.272509999999999586e+00 1.004865466185609568e+00
4.281919000000000253e+00 1.011780860078619781e+00
4.291306999999999761e+00 1.015547652316166172e+00
4.300672999999999746e+00 9.920301145697847378e-01
4.310017000000000209e+00 1.000141017962142831e+00
4.319340000000000401e+00 9.878283950074213671e-01
4.328642000000000323e+00 1.001887074115453746e+00
4.337921999999999834e+00 9.771155958165113065e-01
4.347180999999999962e+00 1.007890319262329859e+00
4.356419999999999959e+00 9.957550387715039530e-01
4.365637000000000434e+00 9.999849006661089001e-01
4.374832999999999750e+00 9.815631365386275897e-01
4.384008999999999823e+00 9.832823490764194263e-01
4.393164999999999765e+00 9.825040934416873206e-01
4.402300000000000324e+00 9.803328741696665238e-01
4.411414999999999864e+00 9.899291772763266772e-01
4.420510000000000161e+00 9.808360173166322804e-01
4.429585000000000328e+00 9.850297879155466285e-01
4.438640999999999615e+00 9.689877313969141870e-01
4.447676000000000407e+00 9.758447616048306905e-01
4.456692000000000320e+00 9.744119742057105737e-01
4.465689000000000242e+00 9.772892242502366766e-01
4.474664999999999893e+00 9.815453198546905123e-01
4.483622999999999692e+00 9.818197598487341526e-01
4.492562000000000388e+00 9.710560901397187195e-01
4.501481000000000066e+00 9.767023734183583050e-01
4.510381999999999891e+00 9.730198205267346356e-01
4.519262999999999586e+00 9.729226750860993089e-01
4.528126000000000317e+00 9.633927554809947891e-01
4.536971000000000309e+00 9.555960010961551676e-01
4.545796000000000170e+00 9.805005966888020730e-01
4.554604000000000319e+00 9.717431242596829000e-01
4.563392999999999589e+00 9.568970577569054781e-01
4.572162999999999755e+00 9.537973721526562532e-01
4.580917000000000350e+00 9.672403255990146276e-01
4.589650999999999925e+00 9.851178417415609179e-01
4.598367999999999789e+00 9.602291814672860859e-01
4.607066999999999801e+00 9.704868879338970356e-01
4.615747999999999962e+00 9.543661740849571640e-01
4.624412000000000411e+00 9.756271848883532050e-01
4.633058000000000121e+00 9.791527319122746986e-01
4.641687000000000118e+00 9.670731003698015416e-01
4.650298000000000265e+00 9.842096479187930624e-01
4.658892999999999951e+00 9.736454502551133983e-01
4.667468999999999646e+00 9.899664015881393109e-01
4.676028999999999769e+00 9.830602043779852472e-01
4.684573000000000320e+00 9.849074885973925220e-01
4.693099000000000132e+00 9.858878650822292533e-01
4.701609000000000371e+00 9.879054607676405197e-01
4.710100999999999871e+00 9.798063692187404250e-01
4.718577999999999939e+00 9.758464060828498932e-01
4.727036000000000016e+00 9.888752305697856571e-01
4.735479999999999912e+00 9.965932999686056837e-01
4.743905999999999956e+00 9.893169066728179084e-01
4.752316999999999680e+00 9.726288272776284494e-01
4.760710999999999693e+00 9.896828743453529587e-01
4.769089000000000134e+00 9.768023001353247636e-01
4.777451000000000114e+00 9.518428485660170857e-01
4.785797999999999774e+00 9.774533536229373931e-01
4.794127999999999723e+00 9.928479972776034224e-01
4.802443000000000239e+00 9.882380910413760544e-01
4.810742000000000296e+00 9.785312302190229961e-01
4.819026000000000032e+00 9.691366178702108813e-01
4.827293000000000056e+00 9.934282603959543323e-01
4.835545999999999900e+00 9.893862468184311254e-01
4.843783000000000172e+00 9.643828231802760165e-01
4.852005000000000123e+00 9.813653150136103509e-01
4.860210999999999615e+00 1.006185775512212333e+00
4.868402999999999814e+00 9.980818132343642901e-01
4.876579000000000441e+00 9.830647924748766586e-01
4.884741000000000000e+00 9.753566152580256388e-01
4.892886999999999986e+00 9.919820658876595809e-01
4.901018999999999792e+00 9.942046928455799959e-01
4.909135000000000026e+00 9.665741324965696490e-01
4.917238000000000220e+00 9.751316322296588179e-01
4.925323999999999813e+00 9.590385565717872707e-01
4.933398000000000394e+00 9.565786433765373076e-01
4.941455999999999626e+00 9.845983230978546663e-01
4.949500999999999706e+00 9.882746656808834018e-01
4.957529000000000075e+00 9.683108465857896974e-01
4.965544999999999654e+00 9.604413117165423452e-01
4.973545999999999800e+00 9.939660701554816624e-01
4.981532999999999767e+00 9.839514838912460926e-01
4.989506000000000441e+00 9.601442814004135240e-01
4.997465000000000046e+00 9.787933869841299872e-01
5.005409000000000219e+00 9.775442458714478366e-01
5.013340000000000352e+00 9.773749416469478257e-01
5.021258000000000443e+00 9.677517451604347176e-01
5.029161000000000215e+00 9.584210871130163234e-01
5.037050999999999945e+00 9.733481153726118995e-01
5.044926000000000244e+00 9.351291601204453352e-01
5.052788999999999753e+00 9.832798939499293178e-01
5.060637999999999970e+00 9.847749565508161496e-01
5.068473000000000006e+00 9.691717350814776921e-01
5.076296000000000141e+00 9.739387904621396030e-01
5.084103999999999957e+00 9.488001425130410116e-01
5.091899999999999871e+00 9.799787944440164766e-01
5.099681999999999604e+00 9.889425316609028460e-01
5.107451000000000185e+00 9.877108907682721206e-01
5.115206999999999837e+00 9.785579032388000975e-01
5.122949000000000197e+00 9.806711703098620614e-01
5.130679999999999907e+00 9.814108228927851396e-01
5.138397000000000325e+00 9.731625186597069321e-01
5.146100999999999814e+00 9.343312502530234376e-01
5.153793000000000291e+00 9.801110317050841791e-01
5.161470999999999698e+00 9.764552541830286980e-01
5.169137000000000093e+00 9.442714201635827864e-01
5.176789999999999559e+00 9.746294123529631870e-01
5.184431000000000012e+00 9.434170138886656121e-01
5.192059999999999675e+00 9.856815791086791512e-01
5.199675000000000047e+00 9.369825114609798833e-01
5.207278999999999769e+00 9.756581943795223921e-01
5.214869000000000199e+00 9.636311317899699525e-01
5.222447999999999979e+00 9.796731060104810762e-01
5.230014999999999858e+00 9.475612973932604488e-01
5.237567999999999557e+00 9.676415774741120579e-01
5.245110999999999635e+00 9.108448841631384685e-01
5.252640999999999671e+00 9.588029333349449290e-01
5.260157999999999667e+00 9.765915277643891779e-01
5.267663999999999902e+00 9.464074391162206057e-01
5.275158000000000236e+00 9.849506122011920661e-01
5.282639999999999780e+00 9.197564624423150148e-01
5.290110999999999564e+00 9.565157144392703037e-01
5.297569000000000194e+00 1.006467209638817195e+00
