6.000000000000000000e+00 5.006826318264752038e-03
5.983757458996806555e+00 5.006826494701812312e-03
5.967558888016651686e+00 5.006826828440900760e-03
5.951404168028719965e+00 5.006828698144917371e-03
5.935293180324420881e+00 5.006834952101085409e-03
5.919225806516521082e+00 5.006843709760442664e-03
5.903201928538268639e+00 5.006889196930159290e-03
5.887221428642531507e+00 5.006892835624798289e-03
5.871284189400928888e+00 5.006886100988540769e-03
5.855390093702969700e+00 5.006912502770050934e-03
5.839539024755191043e+00 5.006861732692587628e-03
5.823730866080300217e+00 5.006899411866810173e-03
5.807965501516320295e+00 5.006889626402132032e-03
5.792242815215733920e+00 5.006880824058176742e-03
5.776562691644633318e+00 5.006877023041268401e-03
5.760925015581872088e+00 5.006877403067516719e-03
5.745329672118218767e+00 5.006882778295635231e-03
5.729776546655510394e+00 5.006907829751141605e-03
5.714265524905810523e+00 5.006870861569362799e-03
5.698796492890573440e+00 5.006871001387976083e-03
5.683369336939800398e+00 5.006882509320741657e-03
5.667983943691209170e+00 5.006891131112552532e-03
5.652640200089400047e+00 5.006881397299471452e-03
5.637337993385023616e+00 5.006873869230562754e-03
5.622077211133952090e+00 5.006860452570064020e-03
5.606857741196456857e+00 5.006863695877480057e-03
5.591679471736379803e+00 5.006920367473213090e-03
5.576542291220312642e+00 5.007467086268434057e-03
5.561446088416779787e+00 5.007175891572618678e-03
5.546390752395418566e+00 5.007319849694063033e-03
5.531376172526164758e+00 5.008014565196451141e-03
5.516402238478439912e+00 5.008635217985615666e-03
5.501468840220339551e+00 5.008711913137216774e-03
5.486575868017825819e+00 5.009165300717634273e-03
5.471723212433922789e+00 5.009409091471939655e-03
5.456910764327907337e+00 5.010383351657149778e-03
5.442138414854512440e+00 5.011483795935928881e-03
5.427406055463122492e+00 5.015090445102883196e-03
5.412713577896981043e+00 5.018843596642419760e-03
5.398060874192391445e+00 5.019311383797418584e-03
5.383447836677922815e+00 5.024341931229868267e-03
5.368874357973622224e+00 5.029642551698494148e-03
5.354340330990224217e+00 5.027187139968360488e-03
5.339845648928362110e+00 5.028925571160218141e-03
5.325390205277787281e+00 5.032765916941533794e-03
5.310973893816581359e+00 5.039490293553599599e-03
5.296596608610379064e+00 5.041259109058534964e-03
5.282258244011589277e+00 5.041907833927475671e-03
5.267958694658618768e+00 5.062174213164892869e-03
5.253697855475096823e+00 5.057834737919200338e-03
5.239475621669105188e+00 5.061272383306844071e-03
5.225291888732405354e+00 5.057218840080151753e-03
5.211146552439672064e+00 5.071503514874543816e-03
5.197039508847728584e+00 5.053620450623379744e-03
5.182970654294781987e+00 5.046770275447393095e-03
5.168939885399658429e+00 5.082802229587622331e-03
5.154947099061049087e+00 5.039934671165507106e-03
5.140992192456749876e+00 5.025309157932004653e-03
5.127075063042902059e+00 5.035582933999259263e-03
5.113195608553247062e+00 5.035813439679335569e-03
5.099353726998366199e+00 5.042027774244781275e-03
5.085549316664939035e+00 5.034416509609179399e-03
5.071782276114988441e+00 5.031232859695127652e-03
5.058052504185142517e+00 5.025980745128938790e-03
5.044359899985885853e+00 5.023115891252988817e-03
5.030704362900820570e+00 5.021803068195845703e-03
5.017085792585925574e+00 5.016469721708492410e-03
5.003504088968822039e+00 5.012885364399534763e-03
4.989959152248033547e+00 5.024048045247434847e-03
4.976450882892257788e+00 5.012606087684555976e-03
4.962979181639630255e+00 5.018061155119087589e-03
4.949543949496999495e+00 5.023066141539393563e-03
4.936145087739196136e+00 5.035244591704335186e-03
4.922782497908309018e+00 5.046457559547821992e-03
4.909456081812961337e+00 5.057688758336582185e-03
4.896165741527589432e+00 5.063656417510560559e-03
4.882911379391722484e+00 5.073329761828632850e-03
4.869692898009266635e+00 5.072742260566171814e-03
4.856510200247785569e+00 5.080769917774966872e-03
4.843363189237792632e+00 5.080270178140310240e-03
4.830251768372032295e+00 5.077539037555652869e-03
4.817175841304775830e+00 5.093557553544555971e-03
4.804135311951110765e+00 5.084694803114813214e-03
4.791130084486233898e+00 5.064033885149948032e-03
4.778160063344748743e+00 5.086489709666374738e-03
4.765225153219964760e+00 5.061773046023024247e-03
4.752325259063193030e+00 5.066027782673683533e-03
4.739460286083051699e+00 5.077437022292738585e-03
4.726630139744764314e+00 5.063203399532115352e-03
4.713834725769474154e+00 5.056376541444501660e-03
4.701073950133541679e+00 5.066091042535358913e-03
4.688347719067858854e+00 5.047107032330580383e-03
4.675655939057159927e+00 5.047504447127542856e-03
4.662998516839332197e+00 5.041762544250477131e-03
4.650375359404732123e+00 5.042800594862775418e-03
4.637786373995502309e+00 5.036095529841156174e-03
4.625231468104888499e+00 5.041761334655881638e-03
4.612710549476561894e+00 5.039164420378080926e-03
4.600223526103937921e+00 5.029257371135915922e-03
4.587770306229503881e+00 5.035471305229072617e-03
4.575350798344141268e+00 5.033620998339177754e-03
4.562964911186456973e+00 5.038244709380707703e-03
4.550612553742110045e+00 5.037124999674917961e-03
4.538293635243141111e+00 5.039802425956315703e-03
4.526008065167312466e+00 5.036914206334666341e-03
4.513755753237433943e+00 5.047461389956155522e-03
4.501536609420705659e+00 5.030656021793362791e-03
4.489350543928056325e+00 5.034638842676620457e-03
4.477197467213477999e+00 5.046262000357760839e-03
4.465077289973375940e+00 5.056542889309223292e-03
4.452989923145904250e+00 5.064077900613772956e-03
4.440935277910319279e+00 5.072298065171130035e-03
4.428913265686320599e+00 5.101499638785570237e-03
4.416923798133402634e+00 5.103463920808071208e-03
4.404966787150208063e+00 5.113108030476304529e-03
4.393042144873875010e+00 5.131260977172184649e-03
4.381149783679395782e+00 5.137558837579396867e-03
4.369289616178970270e+00 5.143315153005795400e-03
4.357461555221366467e+00 5.153933536955080524e-03
4.345665513891278309e+00 5.161686074735868934e-03
4.333901405508687077e+00 5.176859444179297311e-03
4.322169143628223686e+00 5.173364395167362115e-03
4.310468642038536302e+00 5.183705039332802030e-03
4.298799814761653515e+00 5.184521260267410149e-03
4.287162576052354623e+00 5.184968273313155830e-03
4.275556840397539027e+00 5.183634434169296333e-03
4.263982522515597395e+00 5.179446847503173419e-03
4.252439537355786392e+00 5.187017668299583571e-03
4.240927800097601619e+00 5.179976957859827244e-03
4.229447226150155892e+00 5.176682761403051010e-03
4.217997731151557517e+00 5.174908075434433638e-03
4.206579230968288563e+00 5.154622168517428507e-03
4.195191641694590245e+00 5.134774320727500049e-03
4.183834879651842975e+00 5.105892604655156569e-03
4.172508861387952628e+00 5.057740035437650883e-03
4.161213503676737702e+00 5.038281063880746535e-03
4.149948723517318250e+00 5.036710715783633552e-03
4.138714438133503037e+00 5.035382488120000721e-03
4.127510564973187357e+00 5.032696414325299461e-03
4.116337021707737520e+00 5.023826982516738440e-03
4.105193726231394891e+00 5.037523937383791596e-03
4.094080596660665705e+00 5.037407312789325513e-03
4.082997551333725106e+00 5.036935675837349823e-03
4.071944508809811403e+00 5.026077485819047640e-03
4.060921387868631882e+00 5.015674571866059195e-03
4.049928107509763286e+00 5.017562142966705899e-03
4.038964586952058511e+00 5.013335432624472544e-03
4.028030745633055076e+00 5.009477655916372459e-03
4.017126503208375610e+00 5.007334773884057101e-03
4.006251779551145198e+00 5.007024708147921922e-03
3.995406494751398974e+00 5.006889761011506894e-03
3.984590569115493697e+00 5.006865996333668446e-03
3.973803923165526442e+00 5.006860892710697161e-03
3.963046477638747955e+00 5.006860740521093360e-03
3.952318153486979124e+00 5.006861449004406175e-03
3.941618871876031438e+00 5.006861925520233840e-03
3.930948554185129673e+00 5.006862585786318702e-03
3.920307122006329248e+00 5.006863159946023725e-03
3.909694497143945124e+00 5.006863496052703540e-03
3.899110601613974048e+00 5.006866143240246494e-03
3.888555357643523003e+00 5.006865405103630429e-03
3.878028687670236341e+00 5.006867492418835656e-03
3.867530514341727788e+00 5.006866863743029798e-03
3.857060760515010678e+00 5.006868064662827432e-03
3.846619349255930853e+00 5.006866440994177381e-03
3.836206203838602669e+00 5.006866943894137771e-03
3.825821247744842779e+00 5.006868585074460490e-03
3.815464404663611031e+00 5.006868771054080215e-03
3.805135598490447357e+00 5.006868574024747262e-03
3.794834753326914889e+00 5.006869097134047930e-03
3.784561793480037739e+00 5.006869659680310107e-03
3.774316643461749887e+00 5.006870263419157217e-03
3.764099227988338736e+00 5.006870910424953379e-03
3.753909471979890000e+00 5.006871503338998497e-03
3.743747300559737479e+00 5.006872051888832525e-03
3.733612639053913274e+00 5.006872743885119187e-03
3.723505412990600227e+00 5.006873349031932055e-03
3.713425548099580364e+00 5.006874149302656743e-03
3.703372970311693546e+00 5.006874677665977720e-03
3.693347605758291685e+00 5.006875444763147359e-03
3.683349380770694292e+00 5.006876232729758590e-03
3.673378221879651129e+00 5.006876748538985518e-03
3.663434055814797752e+00 5.006877328814592597e-03
3.653516809504118612e+00 5.006877809205239997e-03
3.643626410073413258e+00 5.006878447578603716e-03
3.633762784845756322e+00 5.006879310247193925e-03
3.623925861340965948e+00 5.006880382970772293e-03
3.614115567275071772e+00 5.006880437765672681e-03
3.604331830559779792e+00 5.006881095856658900e-03
3.594574579301948347e+00 5.006881806895980939e-03
3.584843741803056094e+00 5.006882529546076953e-03
3.575139246558675321e+00 5.006883300895440675e-03
3.565461022257948365e+00 5.006884110445828338e-03
3.555808997783062253e+00 5.006885024657715955e-03
3.546183102208725568e+00 5.006886308653565702e-03
3.536583264801648419e+00 5.006887874142620931e-03
3.527009415020022853e+00 5.006895508285836953e-03
3.517461482513003279e+00 5.006890904550089297e-03
3.507939397120190428e+00 5.006890014047729945e-03
3.498443088871115769e+00 5.006891130615164810e-03
3.488972487984727255e+00 5.006895560425004936e-03
3.479527524868875066e+00 5.006893186632502962e-03
3.470108130119804013e+00 5.006892379363965355e-03
3.460714234521638843e+00 5.006892838398426838e-03
3.451345769045878864e+00 5.006893452307141501e-03
3.442002664850890348e+00 5.006894234030829019e-03
3.432684853281399384e+00 5.006894995242232825e-03
3.423392265867987838e+00 5.006895967538718337e-03
3.414124834326591085e+00 5.006896847106334994e-03
3.404882490557994856e+00 5.006897732531388583e-03
3.395665166647336974e+00 5.006899820391578874e-03
3.386472794863604641e+00 5.006903270699008396e-03
3.377305307659142386e+00 5.006933184701275845e-03
3.368162637669148918e+00 5.006914919104434383e-03
3.359044717711187289e+00 5.006908767249984918e-03
3.349951480784688851e+00 5.006909195728496270e-03
3.340882860070462534e+00 5.006927028339538607e-03
3.331838788930201467e+00 5.006931516274478952e-03
3.322819200905995807e+00 5.006924755173869021e-03
3.313824029719842468e+00 5.006916671294921704e-03
3.304853209273159731e+00 5.006914720836497593e-03
3.295906673646299634e+00 5.006917607976535921e-03
3.286984357098065690e+00 5.006940691709329226e-03
3.278086194065227943e+00 5.006962034829414744e-03
3.269212119162042463e+00 5.007091619068541194e-03
3.260362067179770840e+00 5.007013849106438201e-03
3.251535973086199238e+00 5.006997693556804879e-03
3.242733772025163219e+00 5.007427557949826157e-03
3.233955399316069457e+00 5.008340179402747880e-03
3.225200790453420119e+00 5.008519710372512021e-03
3.216469881106340800e+00 5.009230554060190022e-03
3.207762607118104903e+00 5.009122994599932328e-03
3.199078904505666454e+00 5.009863377207122992e-03
3.190418709459184932e+00 5.014072654348620921e-03
3.181781958341559413e+00 5.016009081410027250e-03
3.173168587687961395e+00 5.018542292913792148e-03
3.164578534205366278e+00 5.021944985818260765e-03
3.156011734772089294e+00 5.019908207443148605e-03
3.147468126437322766e+00 5.011543885375475439e-03
3.138947646420671589e+00 5.016162824870698880e-03
3.130450232111693154e+00 5.020012324126014135e-03
3.121975821069437274e+00 5.023022317767517411e-03
3.113524351021986547e+00 5.019565377365183510e-03
3.105095759865999838e+00 5.015317738473267818e-03
3.096689985666254863e+00 5.011148986195268669e-03
3.088306966655193442e+00 5.008449619794866359e-03
3.079946641232468529e+00 5.008079065625055219e-03
3.071608947964489911e+00 5.008961995008703177e-03
3.063293825583974339e+00 5.007979632709077047e-03
3.055001212989494341e+00 5.014309700416285515e-03
3.046731049245028800e+00 5.014337941663832635e-03
3.038483273579517085e+00 5.019637641829878712e-03
3.030257825386410975e+00 5.026126066431589948e-03
3.022054644223229225e+00 5.031680980125571162e-03
3.013873669811113931e+00 5.034943602700223120e-03
3.005714842034387768e+00 5.026111046087749709e-03
2.997578100940112122e+00 5.024448421787872793e-03
2.989463386737645667e+00 5.034521629377457404e-03
2.981370639798206046e+00 5.042936270671279260e-03
2.973299800654432001e+00 5.042755284684418728e-03
2.965250809999945059e+00 5.046590099677515477e-03
2.957223608688915206e+00 5.029529480274413586e-03
2.949218137735623912e+00 5.018637614666494190e-03
2.941234338314034691e+00 5.010373683502424187e-03
2.933272151757356117e+00 5.013444381267233643e-03
2.925331519557614612e+00 5.014471755141683938e-03
2.917412383365222350e+00 5.016220785343801329e-03
2.909514684988549593e+00 5.017330882019845582e-03
2.901638366393495261e+00 5.021417672248152352e-03
2.893783369703063713e+00 5.023741916421319877e-03
2.885949637196936202e+00 5.026024834387130165e-03
2.878137111311048102e+00 5.039624084042374115e-03
2.870345734637167023e+00 5.045049331309644017e-03
2.862575449922468707e+00 5.051723107170755928e-03
2.854826200069118247e+00 5.060109023670058236e-03
2.847097928133848210e+00 5.076067247758953190e-03
2.839390577327544296e+00 5.088726264915197431e-03
2.831704091014823010e+00 5.091648177538920898e-03
2.824038412713619106e+00 5.106076417993246977e-03
2.816393486094769028e+00 5.115687846841504745e-03
2.808769254981598351e+00 5.118981450588292251e-03
2.801165663349506119e+00 5.120718846594006501e-03
2.793582655325557162e+00 5.122371415821673664e-03
2.786020175188066883e+00 5.125864899679404701e-03
2.778478167366197127e+00 5.140193423711084814e-03
2.770956576439542296e+00 5.120493296260836442e-03
2.763455347137727003e+00 5.137466102545083790e-03
2.755974424339996620e+00 5.128237919776955020e-03
2.748513753074813604e+00 5.118068141510847234e-03
2.741073278519452927e+00 5.099619577101045451e-03
2.733652945999600625e+00 5.085769377337926063e-03
2.726252700988950117e+00 5.098279282798912591e-03
2.718872489108802526e+00 5.116311344712620550e-03
2.711512256127667886e+00 5.132749670883444970e-03
2.704171947960864575e+00 5.133010871237290128e-03
2.696851510670124075e+00 5.137526609293941587e-03
2.689550890463192623e+00 5.139442170121659957e-03
2.682270033693438194e+00 5.134352315965169840e-03
2.675008886859453483e+00 5.136317459949298753e-03
2.667767396604665997e+00 5.120446305915721426e-03
2.660545509716943258e+00 5.080271967141717325e-03
2.653343173128202448e+00 5.033281080355310640e-03
2.646160333914022278e+00 5.019205510909322335e-03
2.638996939293250854e+00 5.027242539793462875e-03
2.631852936627621542e+00 5.028832310631266810e-03
2.624728273421362612e+00 5.024979302288531610e-03
2.617622897320813991e+00 5.030949572521112821e-03
2.610536756114041790e+00 5.034207693216158699e-03
2.603469797730453283e+00 5.029100104980529368e-03
2.596421970240417210e+00 5.017036609235959316e-03
2.589393221854879634e+00 5.011955220660535212e-03
2.582383500924983810e+00 5.014326120673784706e-03
2.575392755941692702e+00 5.011459855444018799e-03
2.568420935535407068e+00 5.007646197270739820e-03
2.561467988475590651e+00 5.008416011989913312e-03
2.554533863670392702e+00 5.007575835188780335e-03
2.547618510166273609e+00 5.007803038137730728e-03
2.540721877147627872e+00 5.008590830778017824e-03
2.533843913936413728e+00 5.010510997140205612e-03
2.526984569991778784e+00 5.011698588271413547e-03
2.520143794909690094e+00 5.011976888977571695e-03
2.513321538422562451e+00 5.011467293042287836e-03
2.506517750398888467e+00 5.011993852505820454e-03
2.499732380842873525e+00 5.016222495211976329e-03
2.492965379894064526e+00 5.013188998124194426e-03
2.486216697826985289e+00 5.024193239752074679e-03
2.479486285050771510e+00 5.009845450726227792e-03
2.472774092108805721e+00 5.007981356494601091e-03
2.466080069678353137e+00 5.007849275512863373e-03
2.459404168570201055e+00 5.007112488598572386e-03
2.452746339728296032e+00 5.007114922159006283e-03
2.446106534229383733e+00 5.007118088334888521e-03
2.439484703282649214e+00 5.007122090923045270e-03
2.432880798229360320e+00 5.007125151271041123e-03
2.426294770542506196e+00 5.007127813467095005e-03
2.419726571826443795e+00 5.007131611803197248e-03
2.413176153816541714e+00 5.007134816799681601e-03
2.406643468378825812e+00 5.007139155332251262e-03
2.400128467509623054e+00 5.007142426632815897e-03
2.393631103335213339e+00 5.007146238886382543e-03
2.387151328111472459e+00 5.007152822524963028e-03
2.380689094223525260e+00 5.007152155056657575e-03
2.374244354185394812e+00 5.007156026683302723e-03
2.367817060639651139e+00 5.007160544435750905e-03
2.361407166357067045e+00 5.007163970814436892e-03
2.355014624236268173e+00 5.007168618581732920e-03
2.348639387303387505e+00 5.007172990131053374e-03
2.342281408711722523e+00 5.007179379263544672e-03
2.335940641741385715e+00 5.007189031990495753e-03
2.329617039798967060e+00 5.007186336143576791e-03
2.323310556417187200e+00 5.007189971527482159e-03
2.317021145254560821e+00 5.007215761247654946e-03
2.310748760095048926e+00 5.007246428245420815e-03
2.304493354847727993e+00 5.007217749737959654e-03
2.298254883546444027e+00 5.007260656982055053e-03
2.292033300349478164e+00 5.007289683593696243e-03
2.285828559539208715e+00 5.007365201933303145e-03
2.279640615521777214e+00 5.007634102904860371e-03
2.273469422826750463e+00 5.008641691165752544e-03
2.267314936106788359e+00 5.007370042865752317e-03
2.261177110137309931e+00 5.007716343696352358e-03
2.255055899816161169e+00 5.008135248074603758e-03
2.248951260163284616e+00 5.008580416286171656e-03
2.242863146320386303e+00 5.007432169772119135e-03
2.236791513550608901e+00 5.007278253386348785e-03
2.230736317238201760e+00 5.007273841821621545e-03
2.224697512888191842e+00 5.007374518486351275e-03
2.218675056126059975e+00 5.007391249489186180e-03
2.212668902697410900e+00 5.007360851282646567e-03
2.206679008467651748e+00 5.007605829447566229e-03
2.200705329421663858e+00 5.008502574269828485e-03
2.194747821663483922e+00 5.010195586060001149e-03
2.188806441415976689e+00 5.010730443585011303e-03
2.182881145020517444e+00 5.008907327537361759e-03
2.176971888936667821e+00 5.011186172560970660e-03
2.171078629741858723e+00 5.012228245829752037e-03
2.165201324131067917e+00 5.014250611779387176e-03
2.159339928916506501e+00 5.009767336015414317e-03
2.153494401027296057e+00 5.008071583672034539e-03
2.147664697509156451e+00 5.008437157928334604e-03
2.141850775524088757e+00 5.008906290629880007e-03
2.136052592350059509e+00 5.009490665759353152e-03
2.130270105380688506e+00 5.010280561916045580e-03
2.124503272124933950e+00 5.013715428884132387e-03
2.118752050206782034e+00 5.021926106399419130e-03
2.113016397364934296e+00 5.025777174269583508e-03
2.107296271452497205e+00 5.034229224365253247e-03
2.101591630436672631e+00 5.046751233168792795e-03
2.095902432398449644e+00 5.061071095179327413e-03
2.090228635532294987e+00 5.066640728399053606e-03
2.084570198145847097e+00 5.067898015592153804e-03
2.078927078659610128e+00 5.067571043647882065e-03
2.073299235606646640e+00 5.072427154649878853e-03
2.067686627632274288e+00 5.078849469709695481e-03
2.062089213493762063e+00 5.071151471982902718e-03
2.056506952060025650e+00 5.077274601823562016e-03
2.050939802311327220e+00 5.072777333144074495e-03
2.045387723338972563e+00 5.055986648963989478e-03
2.039850674345011772e+00 5.041311604731823354e-03
2.034328614641938149e+00 5.065638739534966163e-03
2.028821503652388891e+00 5.082717200765252998e-03
2.023329300908849326e+00 5.083205150909350482e-03
2.017851966053352708e+00 5.096749982644780026e-03
2.012389458837185785e+00 5.107630240991587085e-03
2.006941739120592594e+00 5.102606027109784018e-03
2.001508766872477807e+00 5.103829969562586298e-03
1.996090502170114300e+00 5.067837535867666596e-03
1.990686905198849832e+00 5.024970243582280345e-03
1.985297936251813944e+00 5.031766303578994425e-03
1.979923555729625750e+00 5.044225312531228599e-03
1.974563724140104393e+00 5.067276537122027309e-03
1.969218402097976384e+00 5.081080166812324342e-03
1.963887550324589171e+00 5.086251139005291619e-03
1.958571129647621145e+00 5.083487995958027236e-03
1.953269101000791430e+00 5.088562746299291062e-03
1.947981425423578106e+00 5.080345611136198071e-03
1.942708064060927553e+00 5.065060063018716682e-03
1.937448978162969793e+00 5.042279382719911524e-03
1.932204129084734712e+00 5.015180886668165264e-03
1.926973478285867847e+00 5.010307075686844247e-03
1.921756987330346611e+00 5.011468260447198356e-03
1.916554617886198297e+00 5.013324727927545924e-03
1.911366331725218526e+00 5.013784963168593789e-03
1.906192090722689692e+00 5.019076859559659480e-03
1.901031856857101410e+00 5.018484753798967829e-03
1.895885592209871184e+00 5.020770429669454450e-03
1.890753258965065076e+00 5.028746046039002209e-03
1.885634819409121254e+00 5.031665828872656544e-03
1.880530235930570448e+00 5.038509459253432202e-03
1.875439471019762161e+00 5.032740233411932967e-03
1.870362487268587337e+00 5.015102366690500461e-03
1.865299247370204361e+00 5.008141355456468755e-03
1.860249714118764386e+00 5.007746292772792540e-03
1.855213850409138443e+00 5.007733681734881544e-03
1.850191619236644325e+00 5.007732261304805900e-03
1.845182983696774137e+00 5.007743420911781387e-03
1.840187906984925625e+00 5.007752891301745814e-03
1.835206352396127949e+00 5.007765085771021321e-03
1.830238283324775228e+00 5.007778708078970513e-03
1.825283663264354983e+00 5.007828273031820869e-03
1.820342455807182791e+00 5.007967130011714389e-03
1.815414624644132058e+00 5.007999175845965351e-03
1.810500133564368452e+00 5.008238678443519172e-03
1.805598946455083453e+00 5.008237574274049773e-03
1.800711027301229894e+00 5.008484249976949410e-03
1.795836340185255509e+00 5.011227752197369538e-03
1.790974849286841142e+00 5.009852636339190944e-03
1.786126518882635628e+00 5.010619569535502971e-03
1.781291313345995109e+00 5.007919686818847887e-03
1.776469197146718360e+00 5.008057095261393178e-03
1.771660134850790547e+00 5.008495733634693754e-03
1.766864091120116997e+00 5.011338094206153893e-03
1.762081030712268737e+00 5.010425333487262753e-03
1.757310918480219364e+00 5.009587325269673416e-03
1.752553719372090146e+00 5.009407348854692972e-03
1.747809398430889338e+00 5.007960256731069232e-03
1.743077920794259050e+00 5.007973634359407650e-03
1.738359251694214791e+00 5.007989900953906115e-03
1.733653356456893668e+00 5.008002786632939456e-03
1.728960200502297484e+00 5.008027633149104291e-03
1.724279749344038937e+00 5.008126139965351706e-03
1.719611968589089157e+00 5.008073892417921717e-03
1.714956823937523245e+00 5.008096144826560542e-03
1.710314281182271134e+00 5.008451093549079643e-03
1.705684306208862244e+00 5.008213929994711523e-03
1.701066864995178340e+00 5.008143346527671631e-03
1.696461923611201961e+00 5.008139681824065950e-03
1.691869448218765948e+00 5.008266924372964390e-03
1.687289405071308313e+00 5.008299124812757262e-03
1.682721760513620213e+00 5.009298898964014042e-03
1.678166480981601927e+00 5.009836347037427591e-03
1.673623533002013497e+00 5.011752772972438187e-03
1.669092883192230703e+00 5.015158283163880827e-03
1.664574498259998814e+00 5.019242979490834942e-03
1.660068345003188783e+00 5.017868109537508385e-03
1.655574390309552113e+00 5.022237713013309561e-03
1.651092601156478379e+00 5.029263689718744754e-03
1.646622944610752537e+00 5.023634041655472386e-03
1.642165387828312006e+00 5.033717534972357265e-03
1.637719898054007306e+00 5.021387558788448224e-03
1.633286442621358692e+00 5.010451056004852632e-03
1.628864988952318793e+00 5.013478031316777328e-03
1.624455504557031027e+00 5.021339213222857437e-03
1.620057957033592011e+00 5.039853038342579500e-03
1.615672314067813753e+00 5.045766048829168279e-03
1.611298543432984953e+00 5.051016584009645517e-03
1.606936612989635194e+00 5.050616412283129471e-03
1.602586490685298459e+00 5.054287771770083794e-03
1.598248144554278216e+00 5.039503401860844813e-03
1.593921542717410933e+00 5.011456161579623883e-03
1.589606653381833823e+00 5.016180653365535577e-03
1.585303444840749476e+00 5.033406882799514731e-03
1.581011885473194045e+00 5.050841299559358580e-03
1.576731943743804543e+00 5.052193266388880534e-03
1.572463588202587026e+00 5.061328845836258160e-03
1.568206787484685005e+00 5.042391625605950091e-03
1.563961510310150294e+00 5.012795421742590948e-03
1.559727725483711636e+00 5.009842248717920853e-03
1.555505401894546891e+00 5.009447847839461170e-03
1.551294508516052995e+00 5.009542966182952729e-03
1.547095014405619029e+00 5.016621928195178458e-03
1.542906888704398849e+00 5.030604442503305851e-03
1.538730100637083265e+00 5.029755727687857357e-03
1.534564619511675332e+00 5.037362256748420357e-03
1.530410414719263423e+00 5.033197362310213620e-03
1.526267455733797851e+00 5.026112014083345715e-03
1.522135712111864825e+00 5.014814307730114211e-03
1.518015153492463964e+00 5.009877606271515883e-03
1.513905749596785144e+00 5.009058296318465685e-03
1.509807470227985560e+00 5.009031505530094942e-03
1.505720285270967462e+00 5.009875267142824794e-03
1.501644164692158112e+00 5.011571775649424285e-03
1.497579078539287956e+00 5.020766206245954634e-03
1.493524996941171024e+00 5.017533841449307169e-03
1.489481890107485551e+00 5.009752038795592735e-03
1.485449728328554375e+00 5.009284324507614489e-03
1.481428481975127553e+00 5.009044007278462378e-03
1.477418121498163872e+00 5.009127365232796635e-03
1.473418617428614352e+00 5.009202065705751529e-03
1.469429940377205090e+00 5.009374822650519352e-03
1.465452061034221876e+00 5.010289014322717727e-03
1.461484950169294361e+00 5.012692803574310407e-03
1.457528578631181571e+00 5.016287356776102935e-03
1.453582917347557402e+00 5.025917404066532375e-03
1.449647937324797020e+00 5.040802415942774624e-03
1.445723609647764585e+00 5.054804490920683860e-03
1.441809905479599418e+00 5.056187964716258448e-03
1.437906796061505288e+00 5.068287015771938755e-03
1.434014252712538351e+00 5.060946823407525517e-03
1.430132246829396880e+00 5.044944484072334291e-03
1.426260749886210544e+00 5.010245630350703902e-03
1.422399733434331459e+00 5.009377890556031450e-03
1.418549169102124585e+00 5.009400177828550287e-03
1.414709028594759666e+00 5.009430051176246013e-03
1.410879283694002950e+00 5.009460584433105511e-03
1.407059906258010029e+00 5.009483769287897612e-03
1.403250868221118663e+00 5.009512879671371155e-03
1.399452141593643617e+00 5.009551736438247298e-03
1.395663698461669711e+00 5.009587246069291920e-03
1.391885510986847319e+00 5.009654042259321580e-03
1.388117551406187866e+00 5.009871773094540584e-03
1.384359792031859548e+00 5.009814782576645434e-03
1.380612205250984381e+00 5.010175622164153922e-03
1.376874763525434142e+00 5.011395395538987066e-03
1.373147439391629865e+00 5.010529978631357920e-03
1.369430205460338001e+00 5.011739176195535023e-03
1.365723034416470805e+00 5.009909368483615906e-03
1.362025899018884711e+00 5.009924031004520800e-03
1.358338772100180059e+00 5.010156891560459125e-03
1.354661626566502131e+00 5.010549918614717706e-03
1.350994435397341986e+00 5.011172208544750414e-03
1.347337171645337062e+00 5.013880568767557430e-03
1.343689808436073996e+00 5.019160491894946591e-03
1.340052318967891010e+00 5.016448350688072939e-03
1.336424676511680731e+00 5.018311081935318899e-03
1.332806854410693465e+00 5.010316746987402391e-03
1.329198826080342677e+00 5.010641732071897600e-03
1.325600565008008047e+00 5.011899872149501271e-03
1.322012044752841176e+00 5.017642256113486431e-03
1.318433238945571961e+00 5.019831167765506988e-03
1.314864121288313870e+00 5.028299666020774952e-03
1.311304665554371196e+00 5.012926010003563096e-03
1.307754845588046555e+00 5.010525697549803557e-03
1.304214635304448144e+00 5.010439488466408159e-03
1.300684008689298343e+00 5.011110800048084249e-03
1.297162939798742309e+00 5.015559215691620977e-03
1.293651402759157909e+00 5.014791942707758424e-03
1.290149371766965203e+00 5.020172984828695853e-03
1.286656821088436597e+00 5.012375510424675086e-03
1.283173725059508552e+00 5.010807139146894462e-03
1.279700058085591508e+00 5.010672587448737961e-03
1.276235794641383814e+00 5.010700408348691542e-03
1.272780909270682548e+00 5.010754788029968612e-03
1.269335376586196773e+00 5.010938217528923197e-03
1.265899171269362133e+00 5.012231532624973444e-03
1.262472268070153447e+00 5.011883222956745911e-03
1.259054641806899300e+00 5.011438632159756837e-03
1.255646267366097302e+00 5.011079252709125208e-03
1.252247119702230238e+00 5.011060491635421950e-03
1.248857173837580881e+00 5.011076157838132046e-03
1.245476404862049025e+00 5.011192487409761240e-03
1.242104787932968302e+00 5.011797974466177148e-03
1.238742298274924103e+00 5.013347171674536161e-03
1.235388911179570393e+00 5.013249240922422641e-03
1.232044602005449185e+00 5.015842650154503542e-03
1.228709346177809580e+00 5.023496538157513902e-03
1.225383119188425907e+00 5.022216440721103195e-03
1.222065896595418977e+00 5.025423196646396432e-03
1.218757654023076009e+00 5.034117394246993837e-03
1.215458367161671438e+00 5.015055917368186657e-03
1.212168011767288167e+00 5.023830984654953889e-03
1.208886563661639713e+00 5.035209198321727656e-03
1.205613998731892123e+00 5.043550003543848317e-03
1.202350292930487230e+00 5.021521401527661091e-03
1.199095422274965905e+00 5.011731282819223941e-03
1.195849362847791975e+00 5.011771819120425069e-03
1.192612090796175695e+00 5.011819817991072269e-03
1.189383582331898337e+00 5.011870073611882949e-03
1.186163813731139438e+00 5.011921391016482992e-03
1.182952761334300495e+00 5.011974844350217118e-03
1.179750401545831329e+00 5.012034690040636890e-03
1.176556710834057329e+00 5.012094528876032302e-03
1.173371665731006264e+00 5.012133086711903496e-03
1.170195242832235749e+00 5.012186050798445383e-03
1.167027418796661387e+00 5.012240985526641469e-03
1.163868170346385122e+00 5.012312236461259098e-03
1.160717474266524274e+00 5.012366814819083603e-03
1.157575307405041221e+00 5.012437048241175606e-03
1.154441646672572430e+00 5.012657331882303113e-03
1.151316469042259927e+00 5.012624217056094698e-03
1.148199751549581427e+00 5.012668567263865727e-03
1.145091471292180696e+00 5.012635089211315079e-03
1.141991605429702128e+00 5.012703246151346999e-03
1.138900131183619102e+00 5.012823357126180643e-03
1.135817025837070338e+00 5.013459504163586371e-03
1.132742266734689363e+00 5.013152753902737867e-03
1.129675831282440868e+00 5.013192362119135541e-03
1.126617696947453728e+00 5.013010256363598788e-03
1.123567841257854694e+00 5.013058352625356789e-03
1.120526241802604295e+00 5.013152393942400288e-03
1.117492876231331866e+00 5.013350073777459587e-03
1.114467722254171012e+00 5.013898066073213013e-03
1.111450757641595954e+00 5.013460529082075859e-03
1.108441960224258338e+00 5.013371882884023675e-03
1.105441307892824243e+00 5.013438286631583321e-03
1.102448778597811652e+00 5.013503728274115376e-03
1.099464350349428798e+00 5.013581007241558508e-03
1.096488001217411856e+00 5.013708216366371401e-03
1.093519709330864398e+00 5.013778679495768664e-03
1.090559452878096414e+00 5.013814579625970602e-03
1.087607210106463995e+00 5.013848651126800483e-03
1.084662959322209907e+00 5.013912326630847079e-03
1.081726678890303495e+00 5.013988953471093350e-03
1.078798347234282584e+00 5.014105150276958016e-03
1.075877942836094059e+00 5.014326420721616773e-03
1.072965444235935983e+00 5.014400080959823501e-03
1.070060830032100396e+00 5.014420942414086341e-03
1.067164078880815437e+00 5.014781461434828988e-03
1.064275169496089024e+00 5.017461030512583749e-03
1.061394080649552096e+00 5.014663176873867048e-03
1.058520791170302289e+00 5.014963551905024172e-03
1.055655279944749170e+00 5.016672148477771542e-03
1.052797525916458810e+00 5.018202115650857199e-03
1.049947508085998793e+00 5.021279499572432921e-03
1.047105205510783899e+00 5.014887253272938203e-03
1.044270597304922665e+00 5.015161369755602623e-03
1.041443662639063295e+00 5.016045696631299747e-03
1.038624380740241326e+00 5.018288469621983751e-03
1.035812730891725986e+00 5.016394688267836362e-03
1.033008692432869413e+00 5.015266138473843498e-03
1.030212244758953011e+00 5.015346200295854075e-03
1.027423367321038006e+00 5.015428002515916889e-03
1.024642039625812462e+00 5.015511001181469260e-03
1.021868241235442509e+00 5.015594988089997798e-03
1.019101951767420910e+00 5.015679863499318374e-03
1.016343150894417846e+00 5.015765570406631804e-03
1.013591818344131479e+00 5.015858306785618385e-03
1.010847933899138518e+00 5.015937259166703549e-03
1.008111477396746558e+00 5.016022900564637808e-03
1.005382428728845312e+00 5.016110503976036090e-03
1.002660767841758505e+00 5.016199208731504135e-03
9.999464747360977679e-01 5.016288864928181851e-03
9.972395294666140941e-01 5.016380329810534756e-03
9.945399121420528399e-01 5.016484062247096240e-03
9.918476029250060666e-01 5.016562094101700842e-03
9.891625820317676565e-01 5.016652631740599853e-03
9.864848297321882065e-01 5.016745263415350702e-03
9.838143263495289226e-01 5.016841711667002421e-03
9.811510522603185125e-01 5.016967743878300752e-03
9.784949878942075241e-01 5.017041522159102276e-03
9.758461137338255709e-01 5.017123419252860796e-03
9.732044103146371139e-01 5.017220900900472465e-03
9.705698582247995754e-01 5.017317477216899982e-03
9.679424381050192316e-01 5.017417501951147892e-03
9.653221306484102149e-01 5.017521707007316888e-03
9.627089166003524046e-01 5.017613807093895817e-03
9.601027767583485417e-01 5.017713785291057910e-03
9.575036919718854511e-01 5.017814891190646234e-03
9.549116431422913776e-01 5.017918135274076347e-03
9.523266112225969859e-01 5.018020920676284115e-03
9.497485772173941410e-01 5.018125522067613115e-03
9.471775221826976843e-01 5.018247367099755961e-03
9.446134272258047693e-01 5.018341631346979852e-03
9.420562735051574155e-01 5.018438511729167786e-03
9.395060422302032865e-01 5.018553619574968837e-03
9.369627146612578006e-01 5.018679750475525322e-03
9.344262721093660184e-01 5.018866729180416000e-03
9.318966959361661972e-01 5.019076609236713081e-03
9.293739675537519007e-01 5.018978317882465470e-03
9.268580684245365520e-01 5.019098141968096616e-03
9.243489800611150997e-01 5.019266938207626698e-03
9.218466840261311246e-01 5.019423624622008050e-03
9.193511619321388384e-01 5.019423972541829475e-03
9.168623954414691912e-01 5.019536710526305984e-03
9.143803662660948683e-01 5.019651159988570109e-03
9.119050561674960642e-01 5.019791502683659465e-03
9.094364469565258124e-01 5.019949101466332844e-03
9.069745204932773142e-01 5.019998212634176234e-03
9.045192586869496010e-01 5.020115447635880961e-03
9.020706434957160846e-01 5.020234134005294863e-03
8.996286569265897759e-01 5.020352790060030913e-03
8.971932810352930554e-01 5.020472569656810220e-03
8.947644979261253351e-01 5.020593368466905702e-03
8.923422897518306085e-01 5.020714735439473983e-03
8.899266387134674439e-01 5.020837240948947643e-03
8.875175270602776445e-01 5.020960546388542577e-03
8.851149370895557977e-01 5.021084630786707900e-03
8.827188511465194898e-01 5.021210400189074496e-03
8.803292516241795207e-01 5.021339714419155442e-03
8.779461209632098972e-01 5.021474587502237560e-03
8.755694416518197132e-01 5.021645285713150983e-03
8.731991962256240303e-01 5.021902072310938450e-03
8.708353672675154256e-01 5.022284865335710329e-03
8.684779374075363156e-01 5.023824644233097943e-03
8.661268893227509480e-01 5.022104248386182607e-03
8.637822057371185025e-01 5.022235431543029503e-03
8.614438694213659709e-01 5.022367335813258081e-03
8.591118631928612581e-01 5.022500056694047949e-03
8.567861699154878385e-01 5.022633628191222437e-03
8.544667724995173019e-01 5.022768179177427607e-03
8.521536539014856748e-01 5.022904039750170947e-03
8.498467971240659669e-01 5.023039154187313067e-03
8.475461852159457132e-01 5.023175956254320035e-03
8.452518012717005202e-01 5.023313556797801178e-03
8.429636284316704975e-01 5.023452231724294566e-03
8.406816498818365790e-01 5.023591338165345546e-03
8.384058488536967335e-01 5.023731310885306243e-03
8.361362086241426184e-01 5.023871909638215512e-03
8.338727125153370112e-01 5.024013719052450311e-03
8.316153438945910192e-01 5.024159167714531762e-03
8.293640861742420656e-01 5.024303691961045683e-03
8.271189228115317649e-01 5.024443083942538649e-03
8.248798373084842428e-01 5.024587506558484025e-03
8.226468132117855658e-01 5.024733244642397463e-03
8.204198341126621719e-01 5.024879825777675731e-03
8.181988836467606330e-01 5.025026195716057222e-03
8.159839454940271963e-01 5.025174019942161945e-03
8.137750033785879911e-01 5.025322821511236243e-03
8.115720410686293462e-01 5.025472661302783813e-03
8.093750423762786639e-01 5.025622275645889349e-03
8.071839911574854032e-01 5.025772982023632082e-03
8.049988713119023975e-01 5.025924599595361399e-03
8.028196667827676158e-01 5.026077036906806926e-03
8.006463615567858128e-01 5.026230875351029095e-03
7.984789396640118442e-01 5.026385877051051977e-03
7.963173851777316514e-01 5.026542340616774532e-03
7.941616822143472421e-01 5.026708936191630686e-03
7.920118149332584512e-01 5.026856125816725647e-03
7.898677675367470341e-01 5.027086907394695027e-03
7.877295242698606481e-01 5.027223813555270829e-03
7.855970694202973892e-01 5.027383966728809703e-03
7.834703873182892186e-01 5.027860922681032588e-03
7.813494623364881653e-01 5.027759179516934004e-03
7.792342788898506400e-01 5.027802079041614886e-03
7.771248214355234163e-01 5.027963230813563451e-03
7.750210744727289436e-01 5.028125156164258217e-03
7.729230225426516609e-01 5.028287964430399465e-03
7.708306502283246431e-01 5.028450925235844818e-03
7.687439421545158025e-01 5.028614882368581673e-03
7.666628829876154239e-01 5.028779568974879946e-03
7.645874574355230324e-01 5.028944809960962485e-03
7.625176502475355944e-01 5.029110807287878737e-03
7.604534462142346074e-01 5.029277503310344323e-03
7.583948301673754111e-01 5.029444945222927808e-03
7.563417869797746107e-01 5.029612784562449875e-03
7.542943015651998317e-01 5.029781363378358315e-03
7.522523588782582538e-01 5.029950780410509699e-03
7.502159439142865871e-01 5.030120510745257623e-03
7.481850417092401617e-01 5.030291078089150700e-03
7.461596373395835702e-01 5.030462203797286640e-03
7.441397159221807556e-01 5.030633988913537497e-03
7.421252626141854325e-01 5.030806535453073020e-03
7.401162626129325073e-01 5.030979525198294236e-03
7.381127011558288320e-01 5.031152989199216136e-03
7.361145635202450688e-01 5.031327155238647826e-03
7.341218350234073320e-01 5.031501962524543431e-03
7.321345010222892746e-01 5.031677391301771392e-03
7.301525469135045077e-01 5.031853583414277152e-03
7.281759581331995745e-01 5.032030173158238452e-03
7.262047201569463706e-01 5.032207021064905375e-03
7.242388184996358946e-01 5.032387204332581382e-03
7.222782387153715566e-01 5.032573284804891731e-03
7.203229663973632624e-01 5.032744561342825107e-03
7.183729871778212761e-01 5.032932365181050707e-03
7.164282867278506384e-01 5.033173500705752194e-03
7.144888507573463610e-01 5.033281722601452325e-03
7.125546650148876227e-01 5.033467394999597937e-03
7.106257152876339633e-01 5.033654159872221617e-03
7.087019874012199239e-01 5.033824941588634430e-03
7.067834672196515733e-01 5.034007185785669899e-03
7.048701406452023699e-01 5.034189975184166603e-03
7.029619936183094664e-01 5.034373323611011225e-03
7.010590121174705702e-01 5.034557051697104331e-03
6.991611821591410258e-01 5.034741298317422543e-03
6.972684897976306750e-01 5.034926022890547428e-03
6.953809211250017164e-01 5.035111382432307277e-03
6.934984622709663427e-01 5.035296742369166877e-03
6.916210994027848225e-01 5.035482763988127081e-03
6.897488187251641367e-01 5.035669255021152195e-03
6.878816064801559493e-01 5.035856074696198892e-03
6.860194489470563539e-01 5.036043384166893205e-03
6.841623324423043995e-01 5.036231197193612522e-03
6.823102433193818372e-01 5.036419257386959281e-03
6.804631679687126455e-01 5.036607730675126543e-03
6.786210928175633317e-01 5.036796550243949865e-03
6.767840043299430119e-01 5.036985777882081565e-03
6.749518890065037136e-01 5.037175420138151338e-03
6.731247333844416758e-01 5.037365434990890775e-03
6.713025240373980962e-01 5.037555902568879862e-03
6.694852475753605425e-01 5.037746547375290991e-03
6.676728906445643652e-01 5.037937775347355908e-03
6.658654399273949975e-01 5.038129118864006876e-03
6.640628821422898120e-01 5.038320960670348604e-03
6.622652040436405319e-01 5.038513138466199984e-03
6.604723924216958642e-01 5.038706913399627202e-03
6.586844341024645777e-01 5.038898009599926744e-03
6.569013159476185804e-01 5.039092454022770125e-03
6.551230248543966628e-01 5.039290917558716595e-03
6.533495477555074649e-01 5.039477650656232557e-03
6.515808716190345518e-01 5.039672442397218066e-03
6.498169834483396023e-01 5.039865603424553524e-03
6.480578702819675962e-01 5.040059588842214951e-03
6.463035191935512236e-01 5.040254200876109238e-03
6.445539172917161830e-01 5.040449104702245803e-03
6.428090517199860354e-01 5.040644328689805782e-03
6.410689096566882794e-01 5.040839611009600638e-03
6.393334783148595379e-01 5.041035239091012747e-03
6.376027449421521887e-01 5.041231070445899298e-03
6.358766968207401060e-01 5.041427129809313706e-03
6.341553212672256246e-01 5.041623454470396497e-03
6.324386056325460581e-01 5.041820176515081874e-03
6.307265373018811072e-01 5.042016713882055759e-03
6.290191036945596004e-01 5.042214230366895422e-03
6.273162922639675676e-01 5.042411707419670701e-03
6.256180904974559809e-01 5.042608011540522517e-03
6.239244859162483836e-01 5.042805528256786435e-03
6.222354660753497413e-01 5.043003219171282581e-03
6.205510185634545151e-01 5.043201190792850896e-03
6.188711310028560675e-01 5.043399117012258015e-03
6.171957910493547361e-01 5.043597318446097107e-03
6.155249863921683495e-01 5.043795676370439046e-03
6.138587047538407448e-01 5.043994327550675380e-03
6.121969338901519508e-01 5.044192910536352339e-03
6.105396615900284818e-01 5.044392451761750377e-03
6.088868756754529654e-01 5.044590956770791772e-03
6.072385640013753250e-01 5.044789811164235652e-03
6.055947144556230732e-01 5.044989262983446375e-03
6.039553149588124947e-01 5.045188504411840351e-03
6.023203534642598278e-01 5.045387937166694210e-03
6.006898179578927799e-01 5.045587563622901638e-03
5.990636964581622648e-01 5.045787399079116470e-03
5.974419770159545839e-01 5.045987274645963132e-03
5.958246477145024977e-01 5.046187193948004079e-03
5.942116966692997382e-01 5.046387317814832012e-03
5.926031120280115250e-01 5.046587508399600144e-03
5.909988819703888563e-01 5.046787806114363256e-03
5.893989947081811342e-01 5.046988278321809691e-03
5.878034384850495675e-01 5.047188941100171945e-03
5.862122015764809069e-01 5.047389433909489284e-03
5.846252722897009590e-01 5.047590156083140572e-03
5.830426389635893214e-01 5.047791288265829866e-03
5.814642899685932287e-01 5.047991697864156156e-03
5.798902137066417328e-01 5.048192682614285366e-03
5.783203986110614370e-01 5.048393757683190472e-03
5.767548331464907863e-01 5.048594820398535563e-03
5.751935058087953578e-01 5.048796040365627000e-03
5.736364051249834839e-01 5.048997296810902626e-03
5.720835196531222078e-01 5.049198658243687389e-03
5.705348379822525740e-01 5.049400099821833854e-03
5.689903487323062503e-01 5.049601619297084884e-03
5.674500405540218173e-01 5.049803096848668252e-03
5.659139021288612792e-01 5.050004747851792077e-03
5.643819221689269083e-01 5.050206439867053164e-03
5.628540894168784225e-01 5.050408130138319546e-03
5.613303926458501625e-01 5.050609965162892491e-03
5.598108206593686020e-01 5.050811800629907526e-03
5.582953622912698588e-01 5.051013827840045677e-03
5.567840064056183147e-01 5.051215714400128856e-03
5.552767418966239044e-01 5.051417723567618034e-03
5.537735576885611799e-01 5.051619803381043362e-03
5.522744427356875985e-01 5.051821957955153312e-03
5.507793860221623650e-01 5.052024143456478912e-03
5.492883765619658298e-01 5.052226386654844366e-03
5.478014033988181097e-01 5.052428700976697128e-03
5.463184556060992625e-01 5.052631017543630747e-03
5.448395222867685739e-01 5.052833375728351707e-03
5.433645925732846216e-01 5.053035866948943182e-03
5.418936556275252281e-01 5.053238317656868518e-03
5.404267006407084128e-01 5.053440811818659360e-03
5.389637168333120121e-01 5.053643386748316556e-03
5.375046934549955191e-01 5.053845979015155788e-03
5.360496197845200372e-01 5.054048636492255824e-03
5.345984851296705642e-01 5.054251399015863809e-03
5.331512788271763892e-01 5.054454105607688284e-03
5.317079902426337101e-01 5.054656858920195638e-03
5.302686087704265860e-01 5.054859689364698226e-03
5.288331238336497764e-01 5.055062589172119002e-03
5.274015248840305814e-01 5.055265451365947849e-03
5.259738014018511265e-01 5.055468412102739548e-03
5.245499428958718680e-01 5.055671405138385810e-03
5.231299389032535441e-01 5.055874443864541608e-03
5.217137789894810140e-01 5.056077480067714715e-03
5.203014527482863194e-01 5.056280569764952035e-03
5.188929498015719677e-01 5.056483723158809382e-03
5.174882597993352151e-01 5.056686930285281441e-03
5.160873724195913503e-01 5.056890207581817703e-03
5.146902773682986432e-01 5.057093403937287616e-03
5.132969643792819614e-01 5.057296695639878353e-03
5.119074232141576086e-01 5.057500021105253325e-03
5.105216436622582732e-01 5.057703466326876618e-03
5.091396155405578661e-01 5.057906840773945291e-03
5.077613286935964698e-01 5.058110279661928374e-03
5.063867729934060646e-01 5.058313774650990101e-03
5.050159383394358104e-01 5.058517305557433744e-03
5.036488146584783276e-01 5.058720870362754148e-03
5.022853919045948690e-01 5.058924510027562084e-03
5.009256600590421549e-01 5.059128141120207943e-03
4.995696091301984887e-01 5.059331802318175683e-03
4.982172291534906483e-01 5.059535542632295421e-03
4.968685101913200564e-01 5.059739303732545788e-03
4.955234423329902271e-01 5.059943091843805904e-03
4.941820156946338805e-01 5.060146950077560636e-03
4.928442204191403331e-01 5.060350826416182800e-03
4.915100466760827236e-01 5.060554731459298607e-03
4.901794846616463475e-01 5.060758708369832680e-03
4.888525245985559931e-01 5.060962700791722842e-03
4.875291567360047762e-01 5.061166723673964259e-03
4.862093713495818093e-01 5.061370820227140480e-03
4.848931587412013688e-01 5.061574929747697342e-03
4.835805092390308424e-01 5.061779071535549811e-03
4.822714131974206730e-01 5.061983288845901992e-03
4.809658609968326948e-01 5.062187516619260502e-03
4.796638430437696887e-01 5.062391778508756879e-03
4.783653497707049951e-01 5.062596117811867837e-03
4.770703716360119584e-01 5.062800465105242627e-03
4.757788991238940390e-01 5.063004848398161908e-03
4.744909227443148692e-01 5.063209311028628139e-03
4.732064330329284751e-01 5.063413779201884554e-03
4.719254205510096667e-01 5.063618285286942272e-03
4.706478758853847033e-01 5.063822872661039726e-03
4.693737896483621830e-01 5.064027463150796819e-03
4.681031524776640973e-01 5.064232093489036933e-03
4.668359550363568866e-01 5.064436807091347165e-03
4.655721880127829393e-01 5.064641521398755702e-03
4.643118421204921464e-01 5.064846278704784530e-03
4.630549080981736232e-01 5.065051117687388582e-03
4.618013767095877631e-01 5.065255958567364651e-03
4.605512387434981814e-01 5.065460844675729463e-03
4.593044850136042689e-01 5.065665810123369008e-03
4.580611063584734688e-01 5.065870779430535834e-03
4.568210936414741075e-01 5.066075795965171991e-03
4.555844377507080045e-01 5.066280889513065031e-03
4.543511295989441368e-01 5.066485988898358078e-03
4.531211601235510256e-01 5.066691137525925447e-03
4.518945202864306787e-01 5.066896360850853959e-03
4.506712010739521435e-01 5.067101592005841988e-03
4.494511934968849487e-01 5.067306874432859175e-03
4.482344885903336573e-01 5.067512229250697997e-03
4.470210774136711973e-01 5.067717593905477109e-03
4.458109510504738582e-01 5.067923011876501738e-03
4.446041006084553993e-01 5.068128499940683339e-03
4.434005172194018241e-01 5.068333999862578536e-03
4.422001920391060992e-01 5.068539555159194167e-03
4.410031162473035948e-01 5.068745178259878581e-03
4.398092810476062486e-01 5.068950815252844418e-03
4.386186776674393384e-01 5.069156509693172226e-03
4.374312973579759234e-01 5.069362269656955619e-03
4.362471313940730067e-01 5.069568045561368905e-03
4.350661710742072530e-01 5.069773881000032983e-03
4.338884077204112621e-01 5.069979779689978011e-03
4.327138326782096756e-01 5.070185696382818220e-03
4.315424373165553940e-01 5.070391674711193647e-03
4.303742130277666278e-01 5.070597714027151245e-03
4.292091512274630594e-01 5.070803773422375219e-03
4.280472433545033373e-01 5.071009896569013062e-03
4.268884808709216272e-01 5.071216078448147202e-03
4.257328552618654394e-01 5.071422282497235583e-03
4.245803580355323459e-01 5.071628552428483067e-03
4.234309807231084744e-01 5.071834878845867499e-03
4.222847148787054472e-01 5.072041229538506481e-03
4.211415520792987643e-01 5.072247648259184394e-03
4.200014839246659082e-01 5.072454121228558988e-03
4.188645020373243932e-01 5.072660620593370633e-03
4.177305980624703707e-01 5.072867190147558290e-03
4.165997636679172333e-01 5.073073811722087975e-03
4.154719905440343308e-01 5.073280461827453340e-03
4.143472704036858523e-01 5.073487184299311711e-03
4.132255949821703189e-01 5.073693956572442564e-03
4.121069560371590224e-01 5.073900759527344775e-03
4.109913453486364610e-01 5.074107637041971701e-03
4.098787547188392222e-01 5.074314562148311315e-03
4.087691759721960305e-01 5.074521520103215944e-03
4.076626009552675733e-01 5.074728554827575948e-03
4.065590215366867710e-01 5.074935634943785086e-03
4.054584296070986582e-01 5.075142750091589036e-03
4.043608170791012646e-01 5.075349944235417986e-03
4.032661758871858293e-01 5.075557181581170745e-03
4.021744979876776260e-01 5.075764456158144214e-03
4.010857753586769547e-01 5.075971811974926834e-03
4.000000000000000222e-01 5.076179209648175664e-03
