0.698805
0.705435
0.712225
0.719180
0.726317
0.733644
0.741148
0.748855
0.756764
0.764875
0.773211
0.781762
0.790544
0.799568
0.808827
0.818342
0.828121
0.838163
0.848477
0.859072
0.869955
0.881135
0.892616
0.904406
0.916508
0.928926
0.941680
0.954758
0.968166
0.981916
0.995998
1.010422
1.025187
1.040286
1.055720
1.071490
1.087588
1.104007
1.120740
1.137778
1.155116
1.172740
1.190638
1.208796
1.227204
1.245846
1.264705
1.283770
1.303020
1.322446
1.342024
1.361743
1.381585
1.401535
1.421579
1.441700
1.461884
1.482118
1.502389
1.522683
1.542990
1.563298
1.583596
1.603875
1.624126
1.644340
1.664510
1.684628
1.704689
1.724685
1.744613
1.764467
1.784242
1.803936
1.823542
1.843062
1.862489
1.881822
1.901060
1.920201
1.939242
1.958183
1.977023
1.995762
2.014396
2.032928
2.051358
2.069683
2.087906
2.106026
2.124042
2.141955
2.159767
2.177478
2.195086
2.212593
2.230001
2.247310
2.264521
2.281634
2.298650
2.315570
2.332394
2.349124
2.365762
2.382306
2.398760
2.415122
2.431395
2.447580
2.463677
2.479687
2.495611
2.511449
2.527205
2.542877
2.558468
2.573978
2.589407
2.604757
2.620028
2.635223
2.650341
2.665383
2.680350
2.695244
2.710064
2.724811
2.739489
2.754095
2.768630
2.783098
2.797497
2.811829
2.826095
2.840293
2.854428
2.868497
2.882504
2.896446
2.910327
2.924147
2.937905
2.951604
2.965242
2.978822
2.992344
3.005808
3.019216
3.032566
3.045861
3.059101
3.072286
3.085418
3.098495
3.111520
3.124493
3.137413
3.150283
3.163102
3.175870
3.188590
3.201260
3.213881
3.226454
3.238980
3.251458
3.263889
3.276274
3.288614
3.300907
3.313156
3.325360
3.337521
3.349638
3.361711
3.373741
3.385729
3.397676
3.409581
3.421443
3.433265
3.445047
3.456789
3.468490
3.480153
3.491777
3.503361
3.514907
3.526415
3.537885
3.549318
3.560715
3.572074
3.583397
3.594684
3.605935
3.617150
3.628331
3.639477
3.650587
3.661664
3.672707
3.683716
3.694691
3.705633
3.716542
3.727419
3.738263
3.749075
3.759856
3.770604
3.781321
3.792008
3.802663
3.813288
3.823882
3.834446
3.844980
3.855485
3.865960
3.876406
3.886822
3.897210
3.907569
3.917900
3.928203
3.938478
3.948726
3.958945
3.969136
3.979301
3.989439
3.999550
4.009635
4.019694
4.029725
4.039731
4.049711
4.059665
4.069595
4.079498
4.089376
4.099230
4.109059
4.118863
4.128642
4.138398
4.148129
4.157836
4.167520
4.177179
4.186816
4.196429
4.206018
4.215585
4.225129
4.234651
4.244149
4.253624
4.263079
4.272510
4.281919
4.291307
4.300673
4.310017
4.319340
4.328642
4.337922
4.347181
4.356420
4.365637
4.374833
4.384009
4.393165
4.402300
4.411415
4.420510
4.429585
4.438641
4.447676
4.456692
4.465689
4.474665
4.483623
4.492562
4.501481
4.510382
4.519263
4.528126
4.536971
4.545796
4.554604
4.563393
4.572163
4.580917
4.589651
4.598368
4.607067
4.615748
4.624412
4.633058
4.641687
4.650298
4.658893
4.667469
4.676029
4.684573
4.693099
4.701609
4.710101
4.718578
4.727036
4.735480
4.743906
4.752317
4.760711
4.769089
4.777451
4.785798
4.794128
4.802443
4.810742
4.819026
4.827293
4.835546
4.843783
4.852005
4.860211
4.868403
4.876579
4.884741
4.892887
4.901019
4.909135
4.917238
4.925324
4.933398
4.941456
4.949501
4.957529
4.965545
4.973546
4.981533
4.989506
4.997465
5.005409
5.013340
5.021258
5.029161
5.037051
5.044926
5.052789
5.060638
5.068473
5.076296
5.084104
5.091900
5.099682
5.107451
5.115207
5.122949
5.130680
5.138397
5.146101
5.153793
5.161471
5.169137
5.176790
5.184431
5.192060
5.199675
5.207279
5.214869
5.222448
5.230015
5.237568
5.245111
5.252641
5.260158
5.267664
5.275158
5.282640
5.290111
5.297569
